mass eccentricity existence
0.24209033997384632 0.030760612381592035 0.0
0.7459458720869016 0.09597326273448605 0.0
0.7926425360331988 0.07843591785587234 0.0
0.29961450578995685 0.06726469633059753 0.0
0.4616324279952792 0.00985178146453928 0.0
0.311932476046883 0.05138171857522758 0.0
0.7739142410949084 0.03221907860714338 0.0
0.49281367964214257 0.04559637321629581 0.0
0.06774691643288011 0.045356921753589366 0.0
0.3795895333804796 0.0006821309593003103 1.0
0.1941626516575281 0.060977126041051946 0.0
0.4947338106065553 0.016288100326114045 1.0
0.21806313681635148 0.07723292436887298 0.0
0.4482487055184148 0.01144308035056614 0.0
0.8527393676988173 0.0857466960311399 0.0
0.5622253646657046 0.0026725916075004516 1.0
0.0926636912251152 0.08630476723552567 0.0
0.9476611092014916 0.03271342937094175 0.0
0.17563169908502496 0.05888340220652774 0.0
0.5745944820264819 0.09472399977403054 0.0
0.8669003320442937 0.021356254719632328 0.0
0.44244699990998226 0.026613980735452465 0.0
0.14563654872313336 0.02429043425065438 0.0
0.2899346954837768 0.04919467959480051 0.0
0.5804386055618044 0.03670164344013537 0.0
0.07959825722606306 0.09691996387887823 1.0
0.5719901212621528 0.007340449180676319 1.0
0.15017183666270717 0.030233939893759183 0.0
0.14013340575460265 0.042203173810354475 1.0
0.5569497802729582 0.017802852797254017 1.0
0.675889903856493 0.07758728514660106 0.0
0.6259623531325332 0.044223333696091396 0.0
0.3425645285331246 0.06880966840086725 0.0
0.699235336867203 0.05596577034743039 0.0
0.2692274152538304 0.027437335142676406 0.0
0.831444441805039 0.0276885020205219 0.0
0.23216611016665878 0.03534238806351763 0.0
0.7974360161734574 0.026279509793725397 0.0
0.8457900259419368 0.028103517325294463 0.0
0.6495682819932429 0.011909013628474388 0.0
0.24597578395848876 0.07598500807350686 0.0
0.9733954421641783 0.09992968032579791 0.0
0.7376820385257152 0.08283636823816498 0.0
0.6051182385684598 0.007857800289746386 0.0
0.7510951588943208 0.07531161967188371 0.0
0.5838531953243916 0.09710698186158939 0.0
0.9416526439043628 0.03973244674843363 0.0
0.22749076733452256 0.07293708300783551 0.0
0.45282546800173396 0.08040229736882779 0.0
0.18968174374067337 0.037628143313514856 1.0
0.2282977644262385 0.08014202675369106 0.0
0.5400332366559514 0.09978844349771127 0.0
0.3602821979887392 0.05593489897763852 0.0
0.611499261517705 0.09556252926685714 0.0
0.1826922967903286 0.08144719811606015 0.0
0.370626057438201 0.029027233007883534 1.0
0.13899574576978269 0.09983353013781882 0.0
0.3210145645451553 0.08112725623665432 0.0
0.2074581352214123 0.07022246203109625 0.0
0.7705843198125232 0.09036119083904774 0.0
0.6805219028917315 0.05937676970652307 0.0
0.8856969909569206 0.015211063699740117 0.0
0.2371744592602617 0.014072764372778103 0.0
0.8950304683966082 0.0030278214653820246 0.0
0.05552367752938381 0.0743834457380489 0.0
0.49516050399662487 0.04601920195998735 0.0
0.13408022585668078 0.09873867845098445 0.0
0.3421754668260524 0.03638048815194319 0.0
0.891206758229797 0.02196365853414058 0.0
0.1933714107011688 0.09456900533480812 0.0
0.32639693216466603 0.09057323479802287 0.0
0.4975244625148155 0.07679002203633628 0.0
0.11554155205952653 0.06523238763935833 1.0
0.8056192727644222 0.0919331641217308 0.0
0.977969838516103 0.03147601882886505 0.0
0.605915005875807 0.08289736545841493 0.0
0.8725424398587134 0.03220260041755292 0.0
0.00789880141429733 0.051832003807208336 0.0
0.3707612637836716 0.05209517504183474 0.0
0.7138541415404944 0.017023799084697897 0.0
0.038430022488184834 0.091232117204022 0.0
0.05483613935022879 0.04684873124396396 1.0
0.306355336580289 0.04555657013036855 0.0
0.028543519577733597 0.0994012315164641 0.0
0.462340365216807 0.09984687111815083 0.0
0.7709390959789331 0.04098560483645615 0.0
0.11900595251940549 0.004403822752869086 0.0
0.1936879978411502 0.008665394575118064 1.0
0.11689307534222525 0.09539566366446531 0.0
0.3724307215245074 0.028533755781886404 0.0
0.8069190271756675 0.08390412736320886 0.0
0.2052302230936517 0.08911480186331983 0.0
0.30351040324312784 0.06237066104333888 0.0
0.3692503371815997 0.028556007240957717 0.0
0.7840416000699011 0.09849475891229208 0.0
0.016655481835720964 0.07706752478624847 1.0
0.9139421912292877 0.06468444080243906 0.0
0.25539814983546183 0.02410390084109223 0.0
0.02790795125929491 0.03220564944400235 1.0
0.5091402022208953 0.049868130425679155 0.0
0.8032509023489727 0.047606504537310745 0.0
0.4789950960467556 0.01481819716183911 1.0
0.3462132973669153 0.04639019155919774 0.0
0.6711135951556283 0.06027280421620227 0.0
0.24113556449291507 0.07841388272324584 0.0
0.8369150272547485 0.026946751176810606 0.0
0.15078214262415268 0.055958048156747646 0.0
0.9180854845462156 0.045119920061564074 0.0
0.9553450190437537 0.06388635841010491 0.0
0.4624026472462855 0.06336835325847066 0.0
0.07660225384540265 0.04624371369163051 0.0
0.2959315587386083 0.024403671806088597 1.0
0.5843829202389202 0.020720057115740122 0.0
0.039685569991587566 0.07984743709827216 0.0
0.7766670525609383 0.09809751104637282 0.0
0.9284194162680225 0.07855707315653684 0.0
0.32662791605899244 0.08933895210413978 0.0
0.48531551416576374 0.061769432002826925 0.0
0.5343720576092078 0.024909768437335666 0.0
0.25886159650326146 0.04985448836877455 0.0
0.9137922322211738 0.04538986517672195 0.0
0.6212764695652856 0.07570242892467753 0.0
0.4140379625396479 0.08831022799717729 0.0
0.4470867660992319 0.028432019158174306 0.0
0.5061120985068702 0.031101171035699073 0.0
0.2855045588593035 0.03615421285397473 1.0
0.5087730814886393 0.022395988934504518 0.0
0.6920121790864702 0.003630110664698233 0.0
0.7237664776597161 0.05321772362791501 0.0
0.7990449804500817 0.08212230313086824 0.0
0.3095229672644394 0.031059380624046683 0.0
0.7241799308262357 0.09153121894165128 0.0
0.015051061115506581 0.06094985407102084 0.0
0.7106500875800261 0.0826904111947732 0.0
0.8316972942842282 0.05699147932825935 0.0
0.4683617508691823 0.027582023486432683 0.0
0.357258305144423 0.012418110597083129 0.0
0.7519605760550011 0.09396344415155845 0.0
0.9767028487949398 0.0723704847089835 0.0
0.5833641855429664 0.07441097144880306 0.0
0.9334568919639279 0.048520340493675186 1.0
0.385988027263501 0.07472935249000953 0.0
0.622812214486305 0.043229567472532184 0.0
0.7830571898052255 0.014205351827084538 0.0
0.6218331190375056 0.06155201327040564 0.0
0.020110304003479462 0.06757920443306382 0.0
0.2751021359115582 0.03395151292426828 0.0
0.2883133366418088 0.09698119042169141 0.0
0.4864073794243564 0.028406857309969325 0.0
0.6630556065024854 0.06914616633506901 0.0
0.64642880459964 0.005352120428947154 0.0
0.13390762106672627 0.008768746215014403 0.0
0.028217889214443456 0.049349660465421955 0.0
0.10839126138653843 0.07745579651287335 0.0
0.15784045556070714 0.04995768261653146 0.0
0.9061173344120212 0.06252408813891311 0.0
0.25421096040789337 0.00611349230384469 1.0
0.856570166224389 0.0755297410001658 0.0
0.4291717744545547 0.040671702501714695 0.0
0.6020075464287187 0.03144979680117656 0.0
0.901920922766523 0.02958402712392768 0.0
0.5151276083505354 0.06849075095636356 0.0
0.7186874822095718 0.05449802294062621 0.0
0.2380486057128172 0.050323761401258986 1.0
0.3707932131591787 0.06245275618335136 0.0
0.5303919250982347 0.0977620032617525 0.0
0.06205617004544128 0.09148532360905129 0.0
0.8187836727452987 0.088145206104099 0.0
0.8395628055684635 0.04496855808402475 0.0
0.03882057962729213 0.00234383471407769 0.0
0.1719562726119257 0.009354561264741117 0.0
0.6454308426825474 0.06917789839179507 0.0
0.42337035109074467 0.015382323091632096 1.0
0.6806435927419978 0.039700721071416076 0.0
0.7166828553153957 0.04507948782780849 0.0
0.8322545221585481 0.007930418607514715 0.0
0.751445999570903 0.09209871357139207 0.0
0.09159656427502583 0.028234971998453862 0.0
0.9497947496929434 0.08512684578549165 0.0
0.6871589462821882 0.09544767284874724 0.0
0.9251586992772692 0.05719355821250467 0.0
0.26267826006909023 0.06341564305174516 0.0
0.3377781504511337 0.08176454364936035 0.0
0.9839882039075708 0.08686458584061398 0.0
0.26134809948061655 0.08722396795881061 0.0
0.7334336378968361 0.009137048145550811 0.0
0.6260892441809041 0.004758281427336923 0.0
0.23083975625020992 0.03069590769626721 1.0
0.2511057624389299 0.05239433934383126 0.0
0.8038624482681063 0.03774041046317817 0.0
0.4245861629384395 0.00323129633508719 0.0
0.6968698484040324 0.028657913459450565 0.0
0.5293115137314338 0.04198111832073631 0.0
0.8045999303094881 0.03208553525173657 0.0
0.5148102803055851 0.07829380148582935 0.0
0.9705390145657112 0.034871746268662324 0.0
0.5929725192848879 0.07558916723474521 0.0
0.33506353510563547 0.061370579528614445 0.0
0.7820434656639955 0.04133798782601665 0.0
0.3078677252594959 0.005333360741185434 0.0
0.04072197464181304 0.04537826295345795 0.0
0.6529181539690959 0.0863981488704894 0.0
0.9739744441445398 0.08181120769847486 0.0
0.18527314789041605 0.045025531505646754 0.0
0.7155011532266804 0.09876769484984543 0.0
0.09082891820805272 0.06331116128951329 0.0
0.4574190022215077 0.01496563090418034 0.0
0.7223913603225254 0.07340849399559977 0.0
0.8557641001938986 0.03144994796666337 0.0
0.048155663155515005 0.056139376423903466 0.0
0.6734505986327688 0.036502080367883306 0.0
0.35381929355117125 0.09770014597478412 0.0
0.6687443787790525 0.032047319867808975 0.0
0.6463111645878704 0.01561846429810778 0.0
0.5036628157862924 0.09752253891103047 0.0
0.6230108091434844 0.0018607546860575032 0.0
0.6348621619916908 0.06988192650682827 0.0
0.661083221782083 0.028932174019053215 0.0
0.021270323074234487 0.017680271984524917 0.0
0.28280495615243173 0.0029006579448809084 0.0
0.9644575560299284 0.02951133025829482 0.0
0.9603895300064587 0.07942691589137148 0.0
0.5219479095045323 0.02430629688088999 0.0
0.2936793589911454 0.039249301138870395 0.0
0.7730920326533621 0.0054122113332003225 0.0
0.4620590934511505 0.021762664621098472 0.0
0.34067170442568584 0.09908897686256733 0.0
0.22115630462835748 0.04463610977029207 1.0
0.5864833069767063 0.08648905652051816 0.0
0.34844819281488304 0.08520279294424717 0.0
0.773557008700292 0.04622935699022006 0.0
0.051167386894870326 0.022228744279061817 0.0
0.026170056312430304 0.036544669854111124 1.0
0.8812612346399369 0.06492061099882615 0.0
0.46525225137335596 0.03994630533485192 0.0
0.03672470294797636 0.08312941225553343 0.0
0.18891823250290496 0.08072886444946249 0.0
0.44542042333689785 0.03846734903809625 0.0
0.36051705893744057 0.029115612513465845 1.0
0.06525866000338221 0.034458655862531384 0.0
0.5235978710609818 0.05020166325339764 0.0
0.2908061138186915 0.01242742794088335 1.0
0.6191672937873889 0.08211279368148616 0.0
0.5128370162802053 0.06387325219012464 0.0
0.5952893082755497 0.06293230286930068 0.0
0.9624131319252761 0.00032762031742458915 0.0
0.0941217929467032 0.039478183691513506 0.0
0.5539791648143143 0.09183368934770936 0.0
0.41451637682240455 0.013970663034619161 0.0
0.16980461234686806 0.037651788426993724 0.0
0.4585862353623563 0.061911596286252236 0.0
0.30972708863503784 0.0439820378613118 1.0
0.30196719541056694 0.030638842534389733 0.0
0.21296596437790694 0.02674962578254701 0.0
0.20747955555775396 0.07240149256808122 0.0
0.961823842900776 0.0645654790216315 0.0
0.374265352746196 0.01955607028220843 1.0
0.4741060154840945 0.08988666378728663 0.0
0.597970367304368 0.05078106211397436 0.0
0.044875142949668545 0.04027579936317819 1.0
0.026326977091710835 0.05881841606858064 0.0
0.37401940192233496 0.01773613120674793 0.0
0.7468181047194501 0.034347068113731456 0.0
0.0353244569437241 0.08124419730426488 0.0
0.18689453712800919 0.035168798880261594 1.0
0.9374346621149051 0.07376117458636938 0.0
0.7779286865020164 0.04791129681808372 0.0
0.7793908288885026 0.07730973897490168 0.0
0.7048700973294229 0.08308102266422054 0.0
0.7459255671194841 0.04376952852088522 0.0
0.4941960303877541 0.04863919975999106 0.0
0.368683691157659 0.07319483003100188 0.0
0.03808855626448737 0.09959646857589131 0.0
0.5758035393037085 0.0908008538353015 0.0
0.5084387275636536 0.09482129132591129 0.0
0.33679947188474724 0.0662193034522338 0.0
0.6739325552670677 0.01587722948843787 0.0
0.2186415045600878 0.039744542307818986 0.0
0.09813890127628655 0.012660724384063137 1.0
0.6943552356940894 0.05440414997529323 0.0
0.6653375017497423 0.0649062028663327 0.0
0.41128984659222834 0.026894356772010748 0.0
0.49163808110129337 0.030070626734423192 0.0
0.9831733354283643 0.04965256278967341 0.0
0.9923895811080703 0.00826503797734871 0.0
0.4501105268063962 0.05256799401159828 0.0
0.2094728265693596 0.06887232359958577 0.0
0.03395417543853618 0.06911870376594312 1.0
0.11912344037931698 0.011879951352330305 0.0
0.4749806717618589 0.09945431229860785 0.0
0.962717246046667 0.08261486101217967 0.0
0.1841913266722902 0.08267788382954314 0.0
0.6626922872769139 0.04827886437446176 0.0
0.9483852042597161 0.03021226701278203 0.0
0.5636798188910642 0.03647541495180658 0.0
0.12537268434966775 0.006944768288433154 1.0
0.15088282660693275 0.010077428789252949 0.0
0.03263421616420992 0.031354296095075354 1.0
0.7212950909082878 0.06265077791181195 0.0
0.6814183323199543 0.024503153691432064 0.0
0.9555293407703522 0.08933513809688826 0.0
0.7261130194818689 0.05003300996056153 0.0
0.0019366575012681462 0.06771484252151613 0.0
0.4598331070714234 0.007964467903298538 0.0
0.17747066860692795 0.06739932154427002 0.0
0.7529971710885666 0.013222356986096926 0.0
0.2389863487379199 0.0862617390879269 0.0
0.13136369981526064 0.0418405666651882 0.0
0.366948290991831 0.09632323997130642 0.0
0.38915282547899244 0.07530516846381789 0.0
0.20287236933193642 0.023191681036374708 0.0
0.08548024445149971 0.01348892427158817 1.0
0.13384918839008586 0.0830647001361003 0.0
0.1534847075574518 0.08610863670535612 0.0
0.4470287348100178 0.09478540022636245 0.0
0.010295535224429608 0.004708581812658516 1.0
0.9837933379996826 0.030807420286304153 0.0
0.3216372751443507 0.06149696894741639 1.0
0.8500003442900091 0.04190069373970151 0.0
0.6921227104301104 0.06708545274351164 0.0
0.47212453596812687 0.007722872679948994 0.0
0.642930639466367 0.010746006233300295 0.0
0.7183583589014796 0.08694620024808329 0.0
0.8740365276905389 0.039094301611695796 0.0
0.411584380393469 0.011859625595429463 1.0
0.39250945531410897 0.05147815330675798 0.0
0.5666256630663958 0.06616787512497649 0.0
0.11645323173024469 0.050755537181135214 0.0
0.636435669533433 0.04042333699039074 0.0
0.8177479220877166 0.05729016253584056 0.0
0.7239712206782732 0.0895119644615953 0.0
0.5153807574486918 0.09204819620690839 0.0
0.16904067830317338 0.009915574713007613 1.0
0.7162711551741326 0.016343276514676267 0.0
0.6958395444971694 0.09159485028957254 0.0
0.6812133622797356 0.026024545138575512 0.0
0.09732356062706449 0.09571373689710994 0.0
0.7874192288702647 0.05440498931439632 0.0
0.6869178781011315 0.09234491827192384 0.0
0.7699982868217642 0.03053624515835556 0.0
0.2820252227469213 0.078255694813292 0.0
0.014627525201454605 0.03916478554859774 0.0
0.7322641539423485 0.08616108670461625 0.0
0.9392256710871663 0.04254465233539028 0.0
0.5831918664085396 0.02271440550520597 0.0
0.5237602715838436 0.03985149522137178 0.0
0.32271257388849617 0.06868415203953722 0.0
0.34104097284471946 0.03696459683650422 0.0
0.881089588393161 0.05822736250560541 0.0
0.983565690938424 0.042013537892326536 0.0
0.8997511548805514 0.00888571448248806 0.0
0.4055189831526503 0.055848722262792125 0.0
0.47306275543732085 0.011539165286154878 0.0
0.5482616252801431 6.0052975262337604e-05 1.0
0.7048322261461025 0.06649427992337342 0.0
0.566112938738882 0.027816744910158085 0.0
0.1673858844117846 0.09706908637183441 0.0
0.8897954527028205 0.05280595305357884 0.0
0.7856534211583974 0.07022861788194133 0.0
0.8275936954128859 0.06294281675261956 0.0
0.6223207400301115 0.0024328916644725316 0.0
0.4967082383507785 0.0874719193713795 0.0
0.8733642224103454 0.0649402648847712 0.0
0.9797592011867485 0.027259892073740487 0.0
0.9862122810621977 0.05539603846406786 0.0
0.6231544618518203 0.09812343245320779 0.0
0.841419889890904 0.0213065252395165 0.0
0.017678846607123155 0.014733605977593546 0.0
0.49021109129197266 0.09876975370582122 0.0
0.12558795304573334 0.08970958487838178 0.0
0.8431462881023895 0.020186738284820004 0.0
0.999351944660998 0.06776102114797673 0.0
0.3733398036125085 0.08623653813967835 0.0
0.9163585528898461 0.049192063330659425 0.0
0.6892196202103036 0.059044448451324276 0.0
0.36139821976825626 0.024826342078537154 0.0
0.4536498213545117 0.07723807961566391 0.0
0.8494906137393318 0.06375046518278434 0.0
0.3945278871366177 0.09713708215234129 0.0
0.8043728023855399 0.029368511930168845 0.0
0.6339623890242032 0.008286952107495157 0.0
0.9128962070078446 0.012505826970447638 0.0
0.4911847560849498 0.056562960128654305 0.0
0.999112648723673 0.019254225684889433 0.0
0.2622777750695421 0.009863471938495735 0.0
0.17837039381316655 0.024400118314583462 1.0
0.9447791707465427 0.033963034645777275 0.0
0.07317560996987649 0.06963966852831321 0.0
0.37404753202752017 0.038583566421383525 0.0
0.3760417489379586 0.09074000767230415 0.0
0.40562299100475846 0.09870484897855736 0.0
0.596114192046394 0.03482510036955877 0.0
0.6671554955795929 0.04081387205543463 0.0
0.06187210286519784 0.04848202433703777 0.0
0.6155934545084859 0.09218508956381737 0.0
0.679344467071206 0.059803579156019374 0.0
0.03978315247459452 0.03386816645190158 1.0
0.7778892581098075 0.047835645779149914 0.0
0.7320087096227895 0.03790708032250154 0.0
0.2824180309861646 0.07902091899099911 0.0
0.27474183588265366 0.026734442292075094 0.0
0.6482633977692384 0.02299519986114242 0.0
0.6368040612323611 0.03818181054105541 0.0
0.6217537220522988 0.047967393425124454 0.0
0.09592878886118605 0.08177438915382143 0.0
0.5972852549737843 0.043088316635875076 0.0
0.5676617487996141 0.039896345854830845 0.0
0.1337339887513631 0.09875714553711826 0.0
0.9954411725910919 0.04999046312647597 0.0
0.3126573078813496 0.013297271003026322 1.0
0.1695895203520602 0.047075283198718725 0.0
0.7466433574302037 0.01813597778728609 0.0
0.08762056370490812 0.055189707207519575 1.0
0.44605219107634914 0.023679517200311785 0.0
0.6953001370193396 0.022598222040623683 0.0
0.6048059249296086 0.0046259481101357915 0.0
0.5883656220026328 0.03448490788181227 0.0
0.7802460819736111 0.008426693098740846 0.0
0.4048285494832897 0.020322936106115828 1.0
0.805509116375952 0.004904862053394671 0.0
0.9974783176093811 0.03334789161146219 0.0
0.6907733958307132 0.06857628507932094 0.0
0.18866839265893975 0.02916130884074323 0.0
0.16911148712262636 0.056333357295847986 0.0
0.5740347607462911 0.03364842542427289 0.0
0.6896295708281344 0.09738537769909292 0.0
0.8663411155042543 0.0024475399304640937 0.0
0.2725318328926132 0.07004043435592706 0.0
0.8652002400675091 0.010049412926425748 0.0
0.7474126490510099 0.026908550928684234 0.0
0.23000480974270096 0.07043216925642436 0.0
0.8547555192552488 0.03765189908720921 0.0
0.4401159390370126 0.015473348853591515 0.0
0.991414813886128 0.023580273790880037 0.0
0.28295069541639883 0.039954037090735556 0.0
0.60944771961599 0.02033539974185031 0.0
0.22565419556631716 0.060782254261419075 0.0
0.373637709720533 0.01576992265049656 0.0
0.210207907791374 0.07541580063835328 0.0
0.9288727434320891 0.04305643343591389 0.0
0.9827265791766966 0.07683486426082317 0.0
0.19531858328307206 0.037185350523876524 0.0
0.41149847498261344 0.04501898125765752 0.0
0.3777150298789871 0.044538096588313314 0.0
0.426183209361259 0.023556681020773507 0.0
0.49058634935058265 0.09848361131896849 0.0
0.006833352494677314 0.0873690729430139 0.0
0.750479708486449 0.018026840119544772 0.0
0.7607990859784096 0.08477534064383728 0.0
0.717705158705929 0.06645464511174105 1.0
0.2855388926544926 0.06414274641301347 0.0
0.1679429297521854 0.04852418350045235 0.0
0.6422550999203159 0.006598180310040882 0.0
0.18992733288451136 0.07175278498322717 0.0
0.22958259635048894 0.08435728609942522 0.0
0.6081726523803235 0.039606870363545356 0.0
0.4896180362593368 0.016307913623953427 1.0
0.8321390714745628 0.0028844864111332727 0.0
0.16802827956206356 0.03956163777547746 0.0
0.7762649876197522 0.08508016878174506 0.0
0.7714745400191978 0.012165085958760615 0.0
0.35065509391324945 0.0027767926236699453 0.0
0.15810150412518342 0.0672438761118972 1.0
0.658340947865351 0.027592626478004614 0.0
0.967332120310253 0.08210740748131817 0.0
0.3859111850501914 0.00799605411818857 0.0
0.744644361947419 0.06770300314960358 0.0
0.21143957248191472 0.034429597719158544 0.0
0.5080131982919018 0.09956853928339553 0.0
0.4223813981020015 0.09603834408285879 0.0
0.25929330453033483 0.021805206088239725 0.0
0.6983476081719684 0.0851007607193697 0.0
0.752234001667692 0.09832618631491996 0.0
0.7124329521379631 0.06934083551386491 0.0
0.21477494135410158 0.03846969961805037 0.0
0.7476154630533517 0.0452229153433435 0.0
0.6464139407451286 0.09468683571957184 0.0
0.19112235391202748 0.09488194126056125 0.0
0.248633206103264 0.08985211370129251 0.0
0.9972608140132797 0.0916495198811622 0.0
0.7123788281452097 0.08340553437216651 0.0
0.761457872461733 0.003734886077777935 0.0
0.6010385052155439 0.0181931712650027 0.0
0.8241636225811669 0.08445821018366663 0.0
0.39897375069318963 0.09363681274680055 0.0
0.16386648795656467 0.08606447135249753 0.0
0.8854878508597467 0.04050473690757163 0.0
0.9285761187138554 0.08926425854422197 0.0
0.2615587431728541 0.008341294397621577 1.0
0.6454358709734314 0.08521109842780855 0.0
0.3110254584527159 0.05636865871040705 0.0
0.5994714731202794 0.06617241772953941 0.0
0.12142946971328994 0.001851354037724189 1.0
0.3220754048400024 0.004556559056362859 0.0
0.5686611065080824 0.057028363963406395 0.0
0.8297838298194182 0.05985137068155354 0.0
0.9629037982797861 0.08224576958730476 0.0
0.4616848338232954 0.007942022068954994 0.0
0.9354514917249667 0.08977103791050765 0.0
0.2909364494922084 0.0013932008105003366 0.0
0.6889849509142697 0.02487541744480145 0.0
0.2140888351612299 0.005309964974608704 0.0
0.59059947665987 0.01862956135343094 0.0
0.9855596748751372 0.04633084979028837 0.0
0.8266926488152719 0.04541880217007915 0.0
0.07595226938943411 0.006343731473180962 1.0
0.34365747722849993 0.025483529256465045 1.0
0.4276529953844291 0.02945487797245707 0.0
0.09432566937947862 0.040213466490813796 1.0
0.5438029958583963 0.03988293080902899 0.0
0.7686982294347576 0.042680590190249834 0.0
0.5630589262596614 0.0011163077303517216 0.0
0.6291591994674514 0.03768131065131315 0.0
0.8684587312808151 0.027493392388008655 0.0
0.1926508648333406 0.0052572230492447134 1.0
0.09533891151327167 0.0019386764462375119 0.0
0.11755464223757194 0.042255603158218434 0.0
0.978243903668618 0.008433716244680456 0.0
0.8480148858377895 0.03125530385532708 0.0
0.07263809040886626 0.03839713358979234 1.0
0.9893228029024371 0.049341096036133535 0.0
0.3390985572068068 0.01725924190351956 0.0
0.6659969915336686 0.03829083289852157 0.0
0.717538128852732 0.03329921361581102 0.0
0.8637922138708698 0.005698839799056194 0.0
0.43076243164640443 0.002455151437435434 1.0
0.0351187017810336 0.04975417986585422 0.0
0.47127786029070656 0.03260524777176825 0.0
0.47644956816498374 0.019508976234244524 0.0
0.7994145466460503 0.026912374514803876 0.0
0.28373634239826295 0.040585198572240314 0.0
0.7315377564691887 0.047052065546848036 0.0
0.06870592951180077 0.03501916431665296 0.0
0.011703174413294493 0.023149696367830302 1.0
0.5614293354518485 0.0217777385759285 0.0
0.4510418026134751 0.02068786059189159 0.0
0.6416159299213988 0.01881638292222925 0.0
0.1852691619643787 0.019860831630220566 0.0
0.9837461504445342 0.020582234765192275 0.0
0.8294062267806627 0.03913269372194255 0.0
0.40337920121145965 0.026960116513268413 0.0
0.8012415670743623 0.03195428808016996 0.0
0.24041289684166658 0.009626825038299975 1.0
0.6713414824867671 0.02280146063262989 0.0
0.8210551534692001 0.015322489255505799 0.0
0.21020947799145429 0.0399080822714122 0.0
0.3351396456637 0.0373453789556981 1.0
0.757929276942286 0.017392073563213796 0.0
0.2273460717433632 0.03606639993930401 0.0
0.9781877895968525 0.0017356566987690037 1.0
0.029248454255556777 0.03851603497981627 1.0
0.6818414454323533 0.023370820157316324 0.0
0.6477195042591323 0.004369718609486613 0.0
0.46787767031739586 0.04552437396694889 0.0
0.9130141637997714 0.008716665865862804 0.0
0.12441402290545499 0.0247843510325119 0.0
0.6845245993220883 0.025328758467643982 0.0
0.7383506363594556 0.0474906834841562 0.0
0.8626675689673453 0.013716933766997537 0.0
0.004319011886246171 0.010427702096801175 1.0
0.1279941482856214 0.040941982738051434 0.0
0.2331947656028629 0.04610888565600823 0.0
0.5533560742210831 0.03046898820490894 0.0
0.8328518238045524 0.016372509677203176 0.0
0.016111071333454796 0.034410581922231065 0.0
0.811954350885633 0.009010007924110938 0.0
0.16575946012373033 0.010015573679701874 1.0
0.2400132597699892 0.03753019044423693 1.0
0.4397499607952472 0.012145288903873648 0.0
0.00815766038760235 0.0074288082373937464 0.0
0.9696333246120821 0.01312392641585373 0.0
0.06334271759587273 0.04248939182971949 0.0
0.49128801062579897 0.030047746473528616 0.0
0.18978818383332452 0.0499762420403657 1.0
0.1151660083582412 0.034168808651963055 0.0
0.5585133180691567 0.015429688530275876 0.0
0.19642340556321192 0.03627728919819965 1.0
0.389546417762876 0.021029876493708275 1.0
0.08286110291872428 0.01705240890750609 1.0
0.10810040914417396 0.03979963975391427 1.0
0.46819271889882197 0.03632856623819359 0.0
0.585671740746741 0.013880324701704291 1.0
0.09219916580758647 0.01329592250306158 1.0
0.2177855839881232 0.04132690841518723 0.0
0.6653154285463293 0.046712422293807745 0.0
0.47837137962708476 0.016095510694554508 0.0
0.7431761804538897 0.03739800563971276 0.0
0.2287630877410538 0.04106667535614275 0.0
0.48277856046127177 0.02442975466765511 0.0
0.23087896227424287 0.03576042893787767 0.0
0.3422562066088247 0.01893857758394865 0.0
0.6510545929555315 0.013766230889528589 0.0
0.13098741963383542 0.011153421538769923 1.0
0.33841438429430504 0.005596269088483085 0.0
0.13108325958200095 0.002921667553012344 1.0
0.6119239522480656 0.01579551548825999 0.0
0.11485821693928931 0.021119854449612903 0.0
0.6267224954764784 0.039056560325920295 0.0
0.42333617800224466 0.040667827143474604 0.0
0.10361748470100907 0.028000960273804294 0.0
0.7321975740779065 0.021240058633303603 0.0
0.8265017834546855 0.016719314310340586 0.0
0.9397521572302407 0.039388671094841295 0.0
0.2024096879872499 0.019206091518466622 1.0
0.4834074620846282 0.029943072554224456 0.0
0.1685327827951696 0.038227467918900124 1.0
0.8924952389500989 0.00677961096820836 0.0
0.9066996412584778 0.016988822669013363 0.0
0.35223582766464223 0.027832410476554305 1.0
0.449929757335657 0.016584883343953718 0.0
0.39633569778459377 0.027476570837441528 1.0
0.46725297124595366 0.014545701448713366 0.0
0.018725874158029954 0.01781890143227264 0.0
0.29105832688258526 0.0018502143250817566 1.0
0.8328552226942056 0.040536880265185544 0.0
0.5319902705471449 0.028516124318005955 0.0
0.5101292288923999 0.021111290903260655 0.0
0.1728115913367938 0.011075948173114115 1.0
0.41032997533104487 0.012726987984362854 1.0
0.7151959493700969 0.010174794486751047 0.0
0.5641060084654589 0.0239896090032709 1.0
0.7636804369143305 0.04948275862517037 0.0
0.5720537301007379 0.031085543637843847 0.0
0.8188702068234341 0.002144632637869449 0.0
0.26411965628355893 0.013590055044459204 0.0
0.5536587544249921 0.03809543485745828 0.0
0.7176155655056002 0.02705220649313734 0.0
0.22531366275445608 0.04636216896603636 0.0
0.12491801800331791 0.02240361750886102 1.0
0.9114321776101021 0.01942381465655074 0.0
0.6466730661519934 0.006182035219354201 0.0
0.2185067069844375 0.048264691739691154 0.0
0.817510875942176 0.02712307796293852 0.0
0.7548012458726177 0.0019820474751699483 0.0
0.9447829684527451 0.04250058125736759 0.0
0.212822122879314 0.03022722539661149 0.0
0.06425888465990637 0.00275124873104165 0.0
0.7924998172601674 0.007635782804046814 0.0
0.3735191155054395 0.03144148237339856 0.0
0.6434865970550951 0.011349699601166592 0.0
0.7164497256869871 0.04834267143865739 0.0
0.8309856323070313 0.01286937463686156 0.0
0.3569494002745738 0.009125513961257367 0.0
0.8646726670813016 0.044661192546988214 0.0
0.22860781066423008 0.01643727777232658 0.0
0.6773496780260885 0.0017618431971166554 1.0
0.10006453168457419 0.044399375010390964 0.0
0.7759814341996538 0.03942420806348853 0.0
0.54884758870269 0.044653325683607775 0.0
0.5016987154609003 0.04202344470135834 0.0
0.08611794039553233 0.03321964188022943 0.0
0.5672746482745021 0.0016968273757231264 1.0
0.22241495831296307 0.0361765359175497 0.0
0.3308139936100789 0.01583425800165816 1.0
0.7519463178188488 0.008817515152518307 0.0
0.682854603885654 0.009242004064360444 0.0
0.45261732752614925 0.04985008491091629 0.0
0.24659096871231415 0.02061948829984299 0.0
0.8525638228816222 0.01731321335306003 0.0
0.5982120712743119 0.00040095107306636164 1.0
0.7543859729072011 0.03633427096813061 0.0
0.24693029357757915 0.028354092278320947 0.0
0.02294299995371918 0.02116613820286854 1.0
0.31602829293141743 0.0007897199951756034 1.0
0.804002219056902 0.007284741934492765 0.0
0.2426186204209838 0.011948864999869186 0.0
0.3841690469948488 0.022119347145188942 0.0
0.8744387714890206 0.04477931147867275 0.0
0.7717416341456406 0.019267632638066596 0.0
0.8767552201011444 0.03689248795539523 0.0
0.8234462868210609 0.0045996799351884655 0.0
0.7310533942396662 0.04249891188444883 0.0
0.6555322995632539 0.019498205960568227 0.0
0.79773693331496 0.04821274235605478 0.0
0.22311942289094955 0.036145437177012095 1.0
0.7046846520747255 0.00971646329365342 0.0
0.9672149803409625 0.028689878883375333 0.0
0.7048504462927268 0.03174258800579015 0.0
0.4237387150548549 0.01167250321291453 0.0
0.6423865020927462 0.02543277711383176 0.0
0.3220163464896241 0.021269361994048375 1.0
0.6889460865861612 0.01711713071841573 0.0
0.9440636441165408 0.028275712928558797 0.0
0.23448537267793237 0.024366129718099927 1.0
0.21016767483957177 0.02481486212234413 0.0
0.3563554927916478 0.014656261819363779 0.0
0.0620719370807955 0.03965004482633929 1.0
0.10130037480800778 0.03270822164939524 1.0
0.7345057319294193 0.019504136182863948 0.0
0.7711679338988376 0.03470803912623253 0.0
0.5313934688352918 0.04646115998476651 0.0
0.6594783154944301 0.01916351477924578 1.0
0.28855549611135844 0.036656012959288754 0.0
0.16102086528214743 0.010142316570711261 0.0
0.3557405158964627 0.01614155860595147 1.0
0.6370351956832438 0.02659270739714893 0.0
0.458281751629538 0.02665082133227008 0.0
0.678821066773401 0.030369838967458686 0.0
0.2626784673105913 0.021237340310831136 0.0
0.4707012245031923 0.025379700697800687 0.0
0.7028043338630544 0.039109895011586335 0.0
0.7873569009842353 0.020614155106334717 0.0
0.5352028602380603 0.04607368628674193 0.0
0.9298619642659739 0.03531951683646005 0.0
0.9202517129550469 0.03488891161764529 0.0
0.8475355368757292 0.005696140550837964 0.0
0.444174730762218 0.002436327957533524 1.0
0.1756357461689657 0.04087720866723726 1.0
0.9075541071214136 0.027463320266115223 0.0
0.9612352069042166 0.002571572805546748 0.0
0.44191019200855436 0.041149119465789315 0.0
0.8497801490622205 0.02057182591784909 0.0
0.8740112101856876 0.011014948775707674 0.0
0.48368733148006754 0.02352628319809807 0.0
0.2061379961541333 0.008895339909561433 0.0
0.31347711588773763 0.01992708168963657 0.0
0.3778336400405137 0.014225367789041411 0.0
0.35084751863688757 0.020550786253045267 0.0
0.41403996623397904 0.03715325574888849 1.0
0.612759781898274 0.017584967738022553 0.0
0.8547473006261131 0.005052414550451485 0.0
0.7353490596076722 0.044373748070598344 0.0
0.6848653121999276 0.028407411229728716 0.0
0.3183288435468665 0.007098779643578578 0.0
0.659520854417819 0.0013638200807308063 0.0
0.08890111500478493 0.015074894183143823 1.0
0.6469778418801111 0.015503995220770466 0.0
0.90918332356091 0.009058822939482635 0.0
0.7823184250304809 0.011864863847726408 0.0
0.6653950121904606 0.04780512933369494 0.0
0.9096317685000205 0.014881713203599154 0.0
0.9449462652250539 0.007010296100654907 0.0
0.9274412107070262 0.026784779646214743 0.0
0.058117757457564416 0.023281414067194216 1.0
0.3939083053825333 0.0007476024576191395 0.0
0.9783514034056029 0.03824765143116338 0.0
0.8403669606999615 0.03709314013696712 0.0
0.8423996623023243 0.007642968424968717 0.0
0.1695410231165988 0.010181160685908788 0.0
0.7349351986289844 0.045910952752546745 0.0
0.4491609497188523 0.016007180750743068 1.0
0.1583219657894508 0.034097359395582595 1.0
0.9266373787912011 0.046178635251491774 0.0
0.02839892682687928 0.03598922870666051 0.0
0.17951934693528238 0.026879596141744934 1.0
0.6818779537895836 0.02622071130571043 0.0
0.48867224826473865 0.04632622259181101 1.0
0.8461436229035612 0.03137749344799354 0.0
0.7560828283237796 0.046717030618187876 0.0
0.05673121568769945 0.02560773055303883 1.0
0.5735115138725069 0.024369336092855624 0.0
0.6308907864807426 0.030034436957844284 0.0
0.1738578234594782 0.0018621075339712153 1.0
0.5622089750764718 0.03495501130248843 0.0
0.9693558662093463 0.0479638934747871 0.0
0.15524202708785406 0.014376834221920069 1.0
0.26450897847508525 0.04506473795016 1.0
0.6213077187313838 0.034094373331283005 0.0
0.8509868250592416 0.02385150606332422 0.0
0.27584882027889757 0.04946715297869851 0.0
0.6399254320801662 0.008759658377485373 0.0
0.3488306633855037 0.02253986369560259 0.0
0.7632835505644515 0.036549695500258515 0.0
0.6318317175531858 0.0324983161605099 0.0
0.0715899690752756 0.01368497742729494 0.0
0.7080163663925071 0.0033627459433009693 0.0
0.27454026493805195 0.04163403864571256 0.0
0.05693732223208547 0.00019593984047777604 1.0
0.5136489428708445 0.038337374391758605 0.0
0.4675344014660025 0.009257973762204403 0.0
0.7031341207083678 0.046211334772025325 0.0
0.9384866201467785 0.03480605390383316 0.0
0.7805666137384186 0.015026177728287241 0.0
0.5836137233600842 0.0027644561792225728 1.0
0.4831592541431484 0.012418195778246821 0.0
0.3844559436947521 0.005015983522056422 0.0
0.7750829818680866 0.042963174812545434 0.0
0.7337628996416388 0.0453614287511395 0.0
0.40153169362048136 0.020833055086974143 0.0
0.1430921972808854 0.0014685259766158856 1.0
0.015703803366698854 0.03373290260186708 0.0
0.7046707162224584 0.01642899937133948 0.0
0.34504965418408273 0.004004808049953241 0.0
0.6485970183293658 0.013220685295500014 0.0
0.14452569406130622 0.03992444716652111 1.0
0.4458152485078285 0.002159212930017619 1.0
0.6363847571214728 0.022568543322292762 0.0
0.418466894382986 0.0440262194835087 0.0
0.47095350680693937 0.013458540018805724 0.0
0.45320737875729644 0.03656690229332579 0.0
0.18506726618608993 0.0015908625932809749 0.0
0.8206687672917222 0.03998682797429287 0.0
0.800395468721907 0.011489217592718133 0.0
0.09215105116854416 0.048898803692428265 0.0
0.06558935956033285 0.013767076791702366 1.0
0.07741640154921614 0.04001950913132808 0.0
0.37490922814025784 0.028947475599314352 0.0
0.8525769148695331 0.015492100115029888 0.0
0.6849652612409632 0.01316268392360627 0.0
0.4787677212166331 0.005607975932589885 0.0
0.7058950448928283 0.03027116692477014 0.0
0.8052833966785616 0.01799726340469177 0.0
0.0722693748202452 0.018393601238556514 1.0
0.9809983398186198 0.011784468850955748 0.0
0.19887950538544474 0.012727544228279115 0.0
0.6286512258514568 0.04114953359113972 0.0
0.369306678379825 0.04855043229593452 0.0
0.5001161831260645 0.0460532566677249 0.0
0.7096741907250856 0.00266547890344961 1.0
0.9001593574924901 0.03188327245444881 0.0
0.7166318727625173 0.007215013722497221 0.0
0.9900438928496411 0.03427671478289934 0.0
0.5220774702403047 0.038955515490795276 0.0
0.768904884330176 0.01613796263457973 0.0
0.09762561903186429 0.019767566479924635 1.0
0.33123855249611844 0.008301354786304942 0.0
0.2951895030734246 0.042092259747849387 0.0
0.339097994082584 0.03637890822625812 1.0
0.3813629427416185 0.007957112990935796 1.0
0.5508173004264033 0.005118152668213028 0.0
0.06930593478274394 0.026365649982560236 1.0
0.9308493534312322 0.013673573907289197 0.0
0.39980112075261276 0.034404324904468535 0.0
0.8507722347945719 0.0010221131955206785 1.0
0.7462730099082885 0.020312691271106048 0.0
0.19171982173200142 0.009779024158423579 1.0
0.9263165013883695 0.002444787659757047 0.0
0.21509764115322863 0.02087464542630283 0.0
0.15656975053567457 0.04187513880681729 0.0
0.21749571321181313 0.03800423683084954 0.0
0.6496542867180176 0.04366996794577059 0.0
0.2926654993561313 0.014562216427451606 1.0
0.761377915255463 0.021955593138799898 0.0
0.5324417551500232 0.029267007133935468 0.0
0.3821819224967923 0.02241335848159436 1.0
0.548016319179566 0.010222103661491032 0.0
0.5947391020986273 0.03445294670013556 0.0
0.1553877955592603 0.011881942824974968 0.0
0.3019921242072948 0.02798927934610661 1.0
0.7819853398773513 0.005338212457570825 0.0
0.5691423502424353 0.033302852688382525 0.0
0.6578028634423325 0.00811163543977293 0.0
0.04284224596749353 0.014969482337122102 1.0
0.5883747079917855 0.024667280014478175 0.0
0.9514178434684912 0.04173498496177712 0.0
0.8511990857841797 0.02136599025401952 0.0
0.8134149682158208 0.040651592127875565 0.0
0.6637037162333258 0.04795355900054439 0.0
0.42835906003403257 0.033575401338067926 0.0
0.47035264569237706 0.01954688225651769 0.0
0.7165935908336236 0.01818155670546414 0.0
0.5816368414783529 0.033702728318908484 0.0
0.6547763297161434 0.023458573198594557 0.0
0.7651049077926023 0.03806646624579558 0.0
0.4307814518189309 0.04754966855777465 0.0
0.5413397960868808 0.02039536237477693 0.0
0.16844149069207126 0.008223785126767073 0.0
0.5120454228928983 0.00042467163505312597 0.0
0.7879668570182419 0.010732487211443197 0.0
0.3403000168205611 0.03031287794528951 0.0
0.3144618214951499 0.03456239202649727 0.0
0.9301875525389088 0.048884959474950335 0.0
0.46893589416603904 0.013426893725557219 0.0
0.31062164817720495 0.04306113757049402 0.0
0.31644082441164956 0.022581121477158683 0.0
0.8452383844864525 0.019796865375946618 0.0
0.10231157770810916 0.04493397212003064 0.0
0.8301785847699922 0.016102258378640887 0.0
0.6573882233248848 0.027892875189807542 0.0
0.05025423480658353 0.03939213093232647 0.0
0.4558028232074318 0.002074706986490225 1.0
0.40233724782083746 0.014696825698855479 0.0
0.30036364826149387 0.04669981155905325 0.0
0.033512821580711005 0.011166082186582806 0.0
0.8438040485714406 0.010374751434190022 0.0
0.9215404200583639 0.022800384758322183 0.0
0.1208877138991563 0.04773894766595095 0.0
0.7078354157036404 0.00016959983687415644 0.0
0.9265609801949104 0.034077545827534333 0.0
0.9902323106417718 0.010489467194100027 0.0
0.4894549406554582 0.005277065741451289 1.0
0.7432418319620643 0.023612139632298957 0.0
0.35719185399650377 0.004357560439656319 0.0
0.564888055333397 0.0266833462908776 0.0
0.5864403878835903 0.03716647463925868 0.0
0.5741532204894962 0.021973937197323042 1.0
0.027403654485027018 0.0009436354611016236 1.0
0.7350484061015831 0.017661473813099862 0.0
0.635149770671748 0.009706210656821767 1.0
0.07509403594488728 0.004844979862921458 0.0
0.14660318258724958 0.0430342098697408 0.0
0.7082171987257609 0.021208762400141946 0.0
0.17165394754190377 0.023283737852158197 0.0
0.6709366277869077 0.028632061923174256 0.0
0.6726898920334489 0.02397834300280151 0.0
0.2757867232529735 0.022520050773404 0.0
0.3489263846505025 0.042493614506518104 0.0
0.4909856517902389 0.046930187761169743 0.0
0.5343857185304115 0.01454696181888942 0.0
0.5779069337551437 0.018210080365048266 0.0
0.2924502766453888 0.013604170836670077 0.0
0.12313043129375023 0.015008826451357126 0.0
0.43362207793745705 0.007228228689133234 1.0
0.3103371724314705 0.01335044452326276 0.0
0.6016332528940903 0.0009887733429597442 0.0
0.03440452591473486 0.03799539679460241 1.0
0.3732780263871627 0.048776560919591844 1.0
0.8315257227462558 0.029674478307974237 0.0
0.7075709101038412 0.004010902821205819 0.0
0.13999488440467478 0.0018467655197458386 1.0
0.13244601604349282 0.025503769735805478 0.0
0.6362155275831596 0.011476727913561514 0.0
0.4741748998232737 0.03937023409538754 0.0
0.05226090059779953 0.03753371440397374 1.0
0.9496914650686233 0.005433668276081081 0.0
0.3245825580482896 0.036875313152693726 0.0
0.1500473893326425 0.04818170107271077 0.0
0.802942441998762 0.010408923210595675 0.0
0.9797297142576997 0.02292631873472216 0.0
0.5205399375419665 0.03519894494514562 0.0
0.7016044553424752 0.009289519244803729 0.0
0.03894932155026076 0.02537845882174751 1.0
0.6856821840515187 0.008603319086069592 0.0
0.5211806651617539 0.03344608205214137 0.0
0.34933674453370844 0.013898278027698602 0.0
0.5230428063708218 0.008906300405806315 0.0
0.7792291420449305 0.007654032089247106 0.0
0.7576913168769661 0.043118459363703135 0.0
0.7030806997368533 0.027029041977245247 0.0
0.1571262808791487 0.02678207246305265 0.0
0.9938649115306285 0.027325647987488478 0.0
0.017894453541284716 0.007305156374589588 0.0
0.18660888404043974 0.025715489768274143 1.0
0.24070996363659924 0.048432203908589516 0.0
0.4574492652165509 0.04809324382340508 0.0
0.3557902338016802 0.049835693365086496 0.0
0.9590690086028253 0.011602929661111556 0.0
0.6860781488011782 0.012313499933797769 0.0
0.9524835830063905 0.012706327877902136 0.0
0.7385230503859068 0.033850993930522474 0.0
0.1257938638466447 0.019817096054270542 1.0
0.5741765410494641 0.00262099704351321 0.0
0.8765259734765166 0.0425864736978175 0.0
0.8857650034531473 0.042634581822271825 0.0
0.3365354150636577 0.04427361006514017 0.0
0.37880320856493843 0.013032403737259748 0.0
0.4524110356669108 0.03336546145051295 0.0
0.21179862092677781 0.005336302694517162 1.0
0.4077457901551136 0.009464199488211441 0.0
0.8872039043064212 0.048238546217514874 0.0
0.029999302957933183 0.005565346757789898 0.0
0.8012661092084042 0.017250444155149876 0.0
0.17934620901564946 0.03292595081313331 0.0
0.1840550387024733 0.046723465130928496 0.0
0.9219099148772307 0.01782211972844946 0.0
0.4765582443108813 0.024710448111826752 1.0
0.25849009442095294 0.039025255425789315 0.0
0.5237668661464197 0.0487962391531043 0.0
0.8124035959057812 0.049000338355136716 0.0
0.35617219260151123 0.03011539004553074 0.0
0.16030925913610816 0.03469109595672542 0.0
0.22805930697138552 0.045212881596941895 0.0
0.9079084859693234 0.02605590535516049 0.0
0.4619526999207053 0.010315182907005036 0.0
0.4734676202221691 0.027143626361957295 0.0
0.5267730031417506 0.022911501292676585 0.0
0.7515739142089876 0.028065148962897704 0.0
0.991762816203722 0.011494482880002436 0.0
0.5440750224312294 0.026966299165416836 0.0
0.13886664727367903 0.014888572851442947 1.0
0.7867631099593755 0.026974688226674506 0.0
0.28061529611799485 0.029617507203173205 1.0
0.9764965787404044 0.03830306264844959 0.0
0.4076836675204192 0.031372739331538245 1.0
0.7465347677198315 0.006993604027219854 0.0
0.2702759182126486 0.009994057538063376 0.0
0.07928026593039983 0.0027090204873039775 1.0
0.13094268430143552 0.032192044131874986 0.0
0.025560860399671204 0.003944598881529548 1.0
0.4791832144889862 0.02823656563670145 0.0
0.1014050117612345 0.030441173358519674 0.0
0.17086062868772733 0.008401169231140322 0.0
0.6313689292042594 0.032265178108574835 0.0
0.12304980377620221 0.0014031373364409119 0.0
0.6776607262843316 0.014767045845384925 0.0
0.7043251416703712 0.032141883716648875 0.0
0.9228209555450934 0.04153929787746985 0.0
0.8666335921482365 0.0037206327334685153 0.0
0.3806633040921653 0.04328564289854438 0.0
0.20155741989803544 0.020705373738648704 0.0
0.216569696465983 0.02469509629082279 1.0
0.35789141481224807 0.049371087649085606 0.0
0.5067103303438908 0.00854640946847237 0.0
0.8809306074867177 0.0032395056596948835 0.0
0.9228380152752172 0.007046059830953155 0.0
0.184681045544409 0.03133636784675011 0.0
0.8422971269615146 0.04033199772709284 0.0
0.9376508965285333 0.023813912020021772 0.0
0.03265718630208436 0.049035582415588294 0.0
0.11482517075710262 0.013691364805636364 1.0
0.22786841069085317 0.0007937799605093343 1.0
0.7678102373530645 0.002719756136884107 1.0
0.18582064726478753 0.0022518311866370606 1.0
0.1970751412993017 0.004932042932450687 0.0
0.5545114157330425 0.008620879320661006 0.0
0.216759542990865 6.736288472269153e-05 1.0
0.19027317801328525 0.004775163818022448 1.0
0.7077594419882502 0.003071904803823079 0.0
0.23574558230928888 0.0046195395684864 1.0
0.8732297677436153 0.003433433083758211 0.0
0.31793683819032115 0.005788297608568621 0.0
0.43528782047232994 0.006846386986430812 0.0
0.9873411523604607 0.000824196867187175 0.0
0.5329498375820322 0.0010063144328321806 0.0
0.5349486983587824 0.007788099014037487 0.0
0.0637645223604909 0.004012010259258831 0.0
0.5932290119964388 0.008412392981752408 0.0
0.5432765919238626 0.006060007107122777 0.0
0.22938942718742664 0.005866304043433317 1.0
0.810902833272125 0.0011127434273137545 0.0
0.20028214095781127 0.00973302815847558 1.0
0.37124277600630395 0.007601024345452444 0.0
0.10056020825789103 0.0015999135283188259 0.0
0.06633971464482369 0.0038852908744399983 1.0
0.00020965958367580306 0.006266013252396163 0.0
0.7375286830257833 0.0029948500291803737 0.0
0.9367008831638829 0.009251559220822955 1.0
0.33140082010277894 0.003715965787299283 1.0
0.2317673960847293 0.00626886938280249 0.0
0.8520645233608447 0.004824289561216741 0.0
0.17700653343878303 0.0015452687633561591 1.0
0.1788312579425715 0.0036023176664365863 0.0
0.2544782662916777 0.000793623538654185 1.0
0.036898157053139924 0.004016301719406657 1.0
0.11770206082275791 0.00852580895247836 1.0
0.19814034381848034 0.00920164391014836 0.0
0.7887730738803138 0.002898718136866168 0.0
0.9484483133940104 0.008552511896263399 0.0
0.4964814309975132 0.005492382324528079 1.0
0.4664753506092605 0.005251640931791894 0.0
0.5582429431950011 0.003734942358475772 0.0
0.5813210204981367 0.0033465208336652726 0.0
0.4161905707418733 0.008079222705700386 1.0
0.7379309695571951 0.00038686299640573073 0.0
0.02221881699592354 0.0037120094550392854 1.0
0.8854450872726879 0.008873305529012413 0.0
0.5516432861759893 0.009313825843939978 0.0
0.8528147851359613 0.00750918323469758 0.0
0.8304930080349552 0.0018418111596654515 0.0
0.15147774718561613 0.0050628134263820705 1.0
0.1652849145223424 0.0028202184323350577 1.0
0.9184002739252838 0.008162284738626858 0.0
0.9572810977848255 0.008903752604605759 0.0
0.8906999293348922 0.0013429072140201297 0.0
0.5271755759811341 0.0058736544828386856 1.0
0.1816763405666696 0.0036876458286712807 0.0
0.5449950323564083 0.0086464333427871 1.0
0.11198481877581225 0.00573728941089616 1.0
0.013266504081649642 0.008728516280346014 0.0
0.23339919670297485 0.006919139301755706 1.0
0.12732528179093616 0.003822055536348844 1.0
0.3480994695865639 0.0044468496479733305 0.0
0.8329061393389651 0.007718570267030652 0.0
0.12199522836344134 0.0025654060143605164 1.0
0.8312931245431133 0.008097959705704566 0.0
0.43247780725877827 0.005335869421587537 0.0
0.29676984525538785 0.00546165655993228 0.0
0.1924713562971887 0.009096626986076446 0.0
0.17816733937913676 0.00445115730120838 1.0
0.14545391604544256 0.007870449216232872 1.0
0.5936107981251137 0.008558211504587928 1.0
0.26468814449464784 0.0018981441645829409 1.0
0.7035020384441872 0.0016211797270894758 0.0
0.12722983926615594 0.0019826192202627925 0.0
0.9234863259191542 0.008174617974158454 0.0
0.4865374511807953 0.003203304493391335 0.0
0.2653634983565898 0.0011634021689896905 0.0
0.9380443667614784 0.009235998263519845 0.0
0.24219813353549602 0.009126277713415268 0.0
0.9578628543906594 0.00175696966561046 0.0
0.3104955823719935 0.00839860430202212 1.0
0.689022153623623 0.0021958371814366526 0.0
0.35594291795828437 0.004193036481236409 0.0
0.12385811591613237 0.001820101501688271 1.0
0.16284584905001565 0.009016733596751118 0.0
0.5533873827251479 0.0018492925417978282 0.0
0.04396883394996298 0.009805287009654445 1.0
0.8942216477892206 0.008943333976568197 0.0
0.41904492858341336 0.0002778561205956591 1.0
0.9852803884517983 0.004527383704884679 0.0
0.1539996668985797 0.005830101024152147 1.0
0.8027973164842277 0.0018636592314059178 0.0
0.7648715106846243 0.008117977802300199 0.0
0.5238654788801789 0.005830384088969643 1.0
0.5079122394245917 0.0029782642216815342 1.0
0.34091155413157415 0.007997141930974743 0.0
0.5039080896562167 0.0020788964753566358 0.0
0.5932893812780718 0.0010399308824209851 0.0
0.8720715159404873 0.008072047885350181 0.0
0.25757929402380686 0.0070325892398124664 0.0
0.07835879980772642 0.007237096193613952 1.0
0.4962879899420711 0.007869518365164483 0.0
0.040493941731922 0.009761178186124708 1.0
0.47717594894352 0.008709098679881837 0.0
0.08663573175104688 0.007373124697789716 1.0
0.3946266868574444 0.0010461577466804363 0.0
0.4547050847571631 0.00922565456998781 1.0
0.3512109441215914 0.006760976308075245 1.0
0.3547934295485119 0.0030806732060317996 0.0
0.7294338821414095 0.007956102739270105 0.0
0.40583508609972313 0.006342438659282574 0.0
0.4289336819220167 0.008357651648123972 0.0
0.622440804992972 0.0016739813010560659 0.0
0.603205955189487 0.0027353531532432417 0.0
0.058746686330465196 0.003675427701497585 1.0
0.24244108385520713 0.0027058407092585605 1.0
0.41930485512569754 0.009562687127255932 1.0
0.9797307185009801 0.008190947083464588 0.0
0.25599896705234537 0.005817240734074647 0.0
0.8040620607176129 0.005996331735829342 0.0
0.6778820091966758 0.0012278574030151587 0.0
0.8806122272102918 0.009817576931433212 0.0
0.0140557015676811 0.004284755095163566 0.0
0.8506520978236063 0.003996118912286638 0.0
0.8844213069636412 0.0039095396102098575 0.0
0.07883808987716845 0.006820848166496838 0.0
0.8978443737326739 0.008507328163411485 0.0
0.5957542790256576 0.00374935279711134 0.0
0.9650393331645908 0.00714900598979289 0.0
0.5300512433431641 0.005228910566367845 0.0
0.2652097400272958 0.0027524562520665047 0.0
0.7944148524145056 0.00663707774845432 0.0
0.7486734966183938 0.0011923068390851188 0.0
0.2576916720598561 0.0035345404833562236 0.0
0.1825099922525244 0.00489973814983727 0.0
0.8378411653370057 0.0035838985676106424 0.0
0.39893502447131013 0.0066629627025899755 0.0
0.8920665753105895 0.005349992457927904 0.0
0.20556413976421795 0.0018553673162061647 0.0
0.03462993458808572 0.006514515881415944 0.0
0.8026860647020778 0.008168912019271394 0.0
0.6708534888460711 0.00320957429122454 0.0
0.45269701444627064 0.004662193941142916 0.0
0.5190895374214989 0.0005992724577094411 1.0
0.870760261568698 0.009044370686521249 0.0
0.04874988159832194 0.0012468696689598776 1.0
0.6195378433436142 0.0029512762853243614 0.0
0.49720876587010054 0.004950421017828658 0.0
0.9129044042156687 0.004327484567336152 0.0
0.24471426839901123 0.0054764266896607 0.0
0.9732407785973614 0.007057414405610031 0.0
0.3106721840942491 0.009232459298815205 1.0
0.3912872847328688 0.002529402493017943 0.0
0.9240081465322301 0.0029628555222923746 0.0
0.9968326598897744 0.0023119789384490773 0.0
0.07443534336472901 0.004135871827011164 0.0
0.07616594092798645 0.009814932062534773 1.0
0.5408886240445437 0.008874130425387238 1.0
0.051861532463630344 0.004149982289907769 0.0
0.501183061979532 0.0014335851863504893 0.0
0.04547626144367145 0.0015160226250275524 1.0
0.15896707038573699 0.005523270178519711 1.0
0.39622761585679067 0.002291957737441238 1.0
0.28985862948355845 0.0015768499864835736 0.0
0.6260513500596664 0.008824423514573259 0.0
0.10055938329166503 0.009264475888978697 0.0
0.3695931554942721 0.0035258984251592585 0.0
0.047314482967835025 0.009388006436142605 1.0
0.20242494270253142 0.006845761987572028 1.0
0.13298772997209773 0.00464795504310553 0.0
0.42057983813826766 0.008227728407516096 0.0
0.2818606012192524 0.007060381935124672 1.0
0.5758838341066392 0.0029981167902343926 1.0
0.4637171049742593 0.003501756943273861 0.0
0.1445609711010979 0.0015512987366263448 1.0
0.806503223687038 0.0014914052703688457 0.0
0.827373033002606 0.0013546095532864625 0.0
0.762130919425951 0.004736589881816576 0.0
0.1758798500240849 0.009485423595065942 1.0
0.2473732445972513 0.00421368586288951 1.0
0.5055090065408586 0.006862566194873429 0.0
0.6356384995503982 0.005454091646822852 1.0
0.348705735863424 0.001445384844248929 1.0
0.35201241608832334 0.006201365049199473 0.0
0.23554746786435166 0.0007896468715708245 1.0
0.15172444920912653 0.002996023251203445 1.0
0.22363121372135886 0.0038783124360520014 1.0
0.1775056626611915 0.00019480465385423315 1.0
0.8862727302243111 0.0026875055593623166 0.0
0.9434377885587139 0.0036746418600387023 0.0
0.5834171266771248 0.003622980976138517 0.0
0.7234078003949008 0.0052349182466214835 0.0
0.6315128796803398 0.007540710397230456 1.0
0.2348970368139215 0.005643376133110528 0.0
0.5559384735533337 0.006251774283321082 0.0
0.2948473569546838 0.006116910383519747 0.0
0.7304798544530077 0.007792304958474414 0.0
0.6547933783299787 0.004634284094232764 0.0
0.3406760824140209 0.0072867910875361 0.0
0.08702243978090185 0.007623269530855767 1.0
0.6000633528312722 0.009549394715196826 0.0
0.10916655534941642 0.003638012680036029 1.0
0.08424886931274234 0.007428188266775037 0.0
0.5105799902327347 0.007214176919531393 0.0
0.6409486594871411 0.000753613432864488 0.0
0.4864710950659852 0.007243618527100306 0.0
0.7383392827813479 0.008567661488297722 0.0
0.3279495611211187 0.006933392990335359 0.0
0.9367548887335224 0.003861651783825889 0.0
0.1470913782073875 0.0013120015035192254 0.0
0.5202612036145784 0.0020010119197240357 0.0
0.3720762053265966 0.0070463970214609244 0.0
0.08413218410379919 0.0025360778376433066 1.0
0.18853961102726546 0.004787027110289348 0.0
0.23907862661316515 0.007139203451808475 1.0
0.7606088807119478 0.009260836564865912 0.0
0.051169093525314735 0.005843983106137732 1.0
0.8818254095369409 0.002787575772231405 0.0
0.3186863889133026 0.00032110918776405336 1.0
0.3095120677971248 0.0004556293541973451 0.0
0.6676213592790914 0.007942667373833198 0.0
0.6344815198495553 0.005934779559256793 0.0
0.8236445718513237 0.0037119387570643194 0.0
0.4219135548776247 0.0035171785748202423 1.0
0.5535997573128023 0.001551113516066226 0.0
0.9354509078420059 0.003288104325454251 0.0
0.15109547255884714 0.005006620358685303 1.0
0.4494246943259895 0.008022061270219137 0.0
0.16633553947937663 0.0057421730708449885 1.0
0.4516211772501437 0.002549575910863407 1.0
0.0599729388934811 0.0046952746694925275 1.0
0.6613175116555333 0.0016928910439412493 0.0
0.08770926728731432 0.009255984011004538 1.0
0.06343986889946474 0.0014326577861599682 1.0
0.2848961799787828 0.006869201764599104 1.0
0.6785807211494918 0.0038105817432619003 0.0
0.4284905968026768 0.004639898366719974 0.0
0.9066862014567386 0.001265424005998635 0.0
0.35582598713777325 0.003656008630947089 1.0
0.596186519363022 0.00697424674946122 1.0
0.5399296533146887 0.003054176791446457 0.0
0.0813040196287782 0.0037051223517040157 1.0
0.4921821178184146 0.006053393968041425 1.0
0.773155234333941 0.006537618251545451 0.0
0.2642337153780291 0.00036922795219861544 1.0
0.11686073196374591 0.008129364341616267 0.0
0.04079468594201152 0.004710354543508195 1.0
0.5885312059901643 0.006120973392050127 0.0
0.9910558515346592 0.009675156086145118 0.0
0.32862867032417775 0.0032620233704674217 0.0
0.8877271122243444 0.009527166184484544 0.0
0.456453907289499 0.005225512986784861 0.0
0.9909284732097993 0.0030445055066785367 0.0
0.7011614568326006 0.004714278543778999 0.0
0.8092443280393721 0.005949320372017948 0.0
0.04624224121238585 0.007844080514359463 0.0
0.5391758753821437 0.007104439893134115 0.0
0.624456467097302 0.001380807162022272 0.0
0.4922289240223855 0.008997262886725588 0.0
0.5425610033726701 0.008333052251623391 0.0
0.7991541529142608 0.003468454579571353 0.0
0.11072247629909947 0.003920436287218029 1.0
0.7160763468105655 0.0015573069022756293 0.0
0.48895027392378765 0.0005118362408877612 0.0
0.5456757357803774 0.0004614951135014921 0.0
0.4814382827817964 0.004623842864250491 0.0
0.20946956602933123 1.0715266472866779e-05 0.0
0.6595895773029361 8.299701749413684e-05 0.0
0.4892600449680478 0.005584163745406687 0.0
0.16933697641542222 0.007984636613964273 0.0
0.7205945738505811 0.001412496664454138 1.0
0.6079174263646677 0.00964764628270612 0.0
0.5636740862336963 0.0024204243119381177 0.0
0.20380833597941042 0.00601926351789331 1.0
0.22712338380001204 0.005614327003609973 1.0
0.8109640132377529 0.004852353594482233 0.0
0.8634603435329686 0.007028063051616705 0.0
0.5582403191422195 0.005157838708968779 0.0
0.07299645152506207 0.002758261309788583 1.0
0.6863829308788582 0.003269895771886229 0.0
0.7043951682304264 0.009867103115586397 0.0
0.34518527786489384 0.0007947812506526929 1.0
0.2933536468958513 0.009583659435319865 0.0
0.9971694265793668 0.0032505499059731725 0.0
0.6199817568646929 0.0008837892543586806 0.0
0.9750363944028005 0.009246398573446257 0.0
0.05103101388055986 0.009564451992572002 0.0
0.8288046968804756 0.004062776866323548 0.0
0.44217490934846027 0.003857083741179064 0.0
0.19875660544522 0.00776344350433547 0.0
0.7474334780092359 0.005448832511120479 0.0
0.42414691895868195 0.006680744572429226 0.0
0.19349671838782867 0.0033973369306583485 1.0
0.7446090130287704 0.007912684053430962 0.0
0.2275891810297952 0.006921479335554438 0.0
0.5167455651390119 0.0007973075018367676 0.0
0.14848284987273952 0.009800923647330609 0.0
0.9833266175537486 0.005044332171085761 0.0
0.6664069976794137 0.005405886355537254 0.0
0.9108016311281354 0.005742918148582571 0.0
0.572360626373783 0.005246232357422562 1.0
0.5565075028502015 0.008862313099422259 0.0
0.6564329933399499 0.003281467649700319 0.0
0.3334473814700829 0.0009008556577932518 1.0
0.5150458944689092 0.00046128199898736285 1.0
0.5797063293683246 0.0010128329613565909 0.0
0.17239503555778302 9.654648444941031e-05 1.0
0.2574086266433375 0.0028149575641951076 0.0
0.9211119352021243 0.008929607595773088 0.0
0.43515001653396135 0.004413432833284604 0.0
0.6438144583316939 0.004415744255536919 0.0
0.737925171343322 0.009272472979786957 0.0
0.9178897437687105 0.004236854249180862 0.0
0.5560137811268738 0.009132549645429717 0.0
0.8152879488540402 0.006162761497883713 0.0
0.8178326723197564 0.0036317790525509626 0.0
0.009317646554174996 0.002264360855034913 1.0
0.6327028716809778 0.003970234051047968 0.0
0.9286453413312572 0.0010716695711169664 0.0
0.6864033375784317 0.007274865303636118 0.0
0.3032398360555657 0.0007707512071481975 1.0
0.6729102603332472 0.002080063526565401 0.0
0.5104392640553448 0.008450069749843319 0.0
0.3640991083834213 0.007473430692483937 0.0
0.29362479135254627 0.008908074331894673 1.0
0.5884151369740507 0.004689167762052968 0.0
0.05093778729877441 0.0022691804944642226 0.0
0.16064785714967056 0.006825189940413811 0.0
0.7253420429594412 0.004987391859285838 0.0
0.5331676977570965 0.009824818099887887 0.0
0.6351041104978711 0.00183449678951115 0.0
0.12972515493374648 0.004007858239294715 0.0
0.6341953700629421 0.005135227370657102 0.0
0.05616796653909396 0.008775161709798869 1.0
0.2361702284574152 0.00026676893740962325 1.0
0.07296718740375341 0.00397988065078727 0.0
0.8491154540999091 0.007890812957699701 0.0
0.5132572761180142 0.006850856415966168 0.0
0.0008975662586033774 0.009739806097120522 0.0
0.04864467281723217 0.004262674465597795 1.0
0.3239952128824568 0.006702099229732069 1.0
0.0214466703852928 0.005467890508389914 1.0
0.8572102200958359 0.001231680250681192 1.0
0.3285502675353761 0.0007498873085629333 0.0
0.5304925367219699 0.00835277191434139 0.0
0.49146837032394314 0.004214837581995686 0.0
0.9949431537613975 0.006933769963467232 0.0
0.14460626703389368 0.009445666599849793 0.0
0.5487843903317337 0.004168019573927326 0.0
0.3196599429225069 0.008282001909307496 1.0
0.32795074149222103 0.004276657104101449 1.0
0.7199453908854014 0.004875541344931856 0.0
0.6991333258653615 0.008964053994516613 0.0
0.4727442991505884 0.008977742079207806 0.0
0.3061152626780179 0.007532414394993003 0.0
0.3149300609561625 0.00988345612052563 1.0
0.6251984094883938 0.0010131079496382741 0.0
0.4048139717967444 0.0027474997426877594 0.0
0.532730316666854 0.00759817334092828 0.0
0.36670257455427646 0.00350157660770355 0.0
0.024618828800103465 0.004288456956578006 0.0
0.7592317405194271 0.0003004245809146778 0.0
0.6430948602753732 0.00807054652475989 0.0
0.13252207301160923 0.00824770816622655 0.0
0.288347195459271 0.0069459048492735926 1.0
0.14083467330152544 0.0036159199319089714 1.0
0.6630394736486083 0.0017306008586734562 0.0
0.8167190401853396 0.005300006474197162 0.0
0.4931180298534279 0.004685770090260776 0.0
0.7953209391220732 0.007520844460896233 0.0
0.17822449326781342 0.008781756428637023 1.0
0.21156245131379606 0.0007661106327521158 1.0
0.7378484897678498 0.004052856900519869 0.0
0.36078909013856253 0.005237711623587475 0.0
0.5560627151645633 0.0012032634386804175 0.0
0.3177874134577773 0.0061841589991256905 0.0
0.06351543178925867 0.007616516873165974 0.0
0.19888765997783275 0.006110977275415172 1.0
0.8461624168050436 0.008168834771496991 0.0
0.8688315366639603 0.009482998916999061 0.0
0.30959816561693565 0.007484962637389512 1.0
0.3842913224783566 0.008317873889047301 1.0
0.6474256788182168 0.009582961210977792 0.0
0.16909513044855906 0.008497361524808282 0.0
0.5121560013661183 0.0032446564271833814 0.0
0.1320149309301022 0.0019603609905374368 1.0
0.2566723890873882 0.007590807707371741 0.0
0.40712861181994275 0.0004283857931347049 1.0
0.7417332883699881 0.008697530926615014 0.0
0.2706045927864682 5.179651330170593e-05 1.0
0.12465417669609691 0.003469438985301589 1.0
0.9779717933097655 0.0066035000178880175 0.0
0.944273013543757 0.009046165218527483 0.0
0.8444379580083137 0.00557677756158303 0.0
0.07897066016374177 0.002148710774676345 0.0
0.5440429774403885 0.007547220763826845 1.0
0.9542307499102284 0.0018724531167081738 0.0
0.03770143013541849 0.008884221040448285 0.0
0.2887659687605485 0.00021793853363514048 1.0
0.975659795315096 0.008737765175160282 0.0
0.3890827409243228 0.0045962672503499944 0.0
0.27696017277376106 0.00512079631405504 1.0
0.25379509889982066 0.0020322483512275956 1.0
0.3114701636132735 0.0014801927324049025 0.0
0.1603223610814436 0.006388751697532538 1.0
0.11997451684474036 0.008255795794567962 1.0
0.6007413624778045 0.009580066585757769 0.0
0.24082774445367505 0.0019924700802584627 1.0
0.18946215318945148 0.0031133801339726804 1.0
0.0649196549468678 0.0018191256696475024 0.0
0.16748296356509917 0.009025376600417445 0.0
0.8048492278907138 0.0020785585925805943 0.0
0.6764799540564322 0.00670286521262427 0.0
0.6115829976795071 0.006770873208562461 0.0
0.09286568167798759 0.008055137464269233 0.0
0.3423896924648021 0.004105722771163129 0.0
0.5801654723841434 0.005542061509079298 0.0
0.20621731109615093 0.007119063866919436 0.0
0.6440515983973293 0.0028273309500511396 0.0
0.8526894051910873 0.0028600925936116688 0.0
0.4599957280479222 0.0052107665224011765 0.0
0.09748269602158488 0.002301076950566442 0.0
0.7664091423881957 0.005313604744543103 0.0
0.005218011234698339 0.009412852875733053 1.0
0.5409354347988259 0.0004087406005610683 0.0
0.6630524326356729 0.007590551929478521 0.0
0.09751522036667437 0.000996655328880145 1.0
0.1694380333046812 0.007821091482123947 0.0
0.6912858608390731 0.006745795444559736 0.0
0.8634220724385161 0.0013854925783161642 0.0
0.5621318235560112 0.004250198598538927 1.0
0.681292324671422 0.006625252552473624 0.0
0.8791073517358075 0.009210995346450162 0.0
0.11034910549636769 0.005823956863119696 1.0
0.5585079032412015 0.009264495704586397 0.0
0.1697607733593235 0.006507443539801703 0.0
0.9208973372145827 0.0025456012018648874 0.0
0.7916981017401116 0.003951003609749498 0.0
0.7642923617846753 0.00072062205432216 0.0
0.8134878220064863 0.002319813093640153 0.0
0.4473132933274638 0.003431940135917094 0.0
0.26647512475407065 0.0027566470655943885 0.0
0.82826404455071 0.0030166608445166784 0.0
0.09204893848641083 0.00040670044792905064 1.0
0.7786035790712287 0.009181364937225022 0.0
0.15687663389648643 0.009901898358564564 1.0
0.827884459315403 0.0010178317908634672 0.0
0.8814415057373952 0.009665284492919871 0.0
0.3386123889447422 0.008827723457828588 1.0
0.15972990062001524 0.003031483377772186 0.0
0.37985988123003567 0.009549684388679895 0.0
0.9638973730710572 0.006546083858734168 0.0
0.5685476231204788 0.002205997745668587 0.0
0.06667882020608806 0.008748412549635126 1.0
0.8748134359413168 0.002567575573644307 0.0
0.5988138639599373 0.005772861507577083 0.0
0.8044390277728574 0.0014334500748026228 0.0
0.3278664534261815 0.00856092480427128 0.0
0.4699939722496286 0.008058450195112584 0.0
0.06893015701396399 0.007759731950433446 0.0
0.8765522936048978 0.0017698516193446867 0.0
0.93082327368544 0.0027646341538320887 0.0
0.7283679139053115 0.007661507291625708 0.0
0.9768411252398719 0.009670582508304524 0.0
0.20742486408855554 0.006329115321910646 0.0
0.5986244557128437 0.00568294824081125 0.0
0.5408256775469925 0.00016198169281532812 0.0
0.09360591522039297 0.003849944892535005 0.0
0.8345102944533108 0.005044784177211182 0.0
0.6208106660071641 0.004630646553917514 0.0
0.38440780448833856 0.003841642641549866 1.0
0.30266620729716043 0.001304007732412834 0.0
0.4606002177982378 0.008253797673209065 0.0
0.33652846255772717 0.004470503722983629 0.0
0.4142873921596662 0.00634862917232064 0.0
0.30768187199394204 0.007161840281789589 1.0
0.5218419551286375 0.006659242257178374 1.0
0.6512053495804273 0.00018409764611487505 0.0
0.09592425958157147 0.003623557957803495 1.0
0.20812431934313055 0.00932644890974254 1.0
0.03282214298402586 0.0012753282652355929 1.0
0.17425956491461736 0.0038682491694435393 1.0
0.9307698984019015 0.002438580224430862 0.0
0.4750708547058162 0.0024991286739795143 0.0
0.297525378199175 0.008817179484205748 1.0
0.5285235535346714 0.0065666956796993515 1.0
0.6676877611256449 0.005989188478248771 0.0
0.8436256653861742 0.0033345164686037925 0.0
0.10472761276230426 0.0016922598247669388 0.0
0.2392200729333689 0.009771426657177212 1.0
0.3157543794656036 0.007613522631778149 0.0
0.5236927191342842 0.004386626220238889 0.0
0.7590845471879213 0.008479124446260812 0.0
0.7346014248531602 0.003952344607489871 0.0
0.9899919559422657 0.008117410301995613 0.0
0.7025814769529238 0.008378600331120194 0.0
0.611625537828354 0.0086102306752038 1.0
0.48015238456849485 0.005295724032537916 0.0
0.5928829769762916 0.002766602420077898 0.0
0.453813327224674 0.00044594696977243544 1.0
0.08334890286588036 0.031507714732286016 1.0
0.12587298559751095 0.027315082798167065 0.0
0.12219738182552294 0.016230420638735907 0.0
0.4551580440659685 0.034931765786471704 0.0
0.6087317269991437 0.019984982201116202 0.0
0.17986223372865476 0.03879710802717447 1.0
0.3408506116893646 0.034627541128902505 0.0
0.6060515241996853 0.02891936931349831 0.0
0.12244049875611006 0.039879940249801855 0.0
0.3206800610338683 0.01936287588360741 0.0
0.47499947685353766 0.02210932391410662 0.0
0.6624260600405749 0.016552646741785117 1.0
0.5324046914290347 0.03638207006545309 0.0
0.37794698522563336 0.01708818359484122 0.0
0.5839510249329244 0.021773170289595935 0.0
0.29937199459057146 0.025732189742297146 0.0
0.034844080688714536 0.012217315590600452 0.0
0.14312683032414544 0.020507078065253117 1.0
0.35010414044555094 0.02029056240429842 1.0
0.4248959600036915 0.010483396742276357 0.0
0.261372048925195 0.023818837705852483 0.0
0.5599507132958396 0.011907176763868415 0.0
0.55096261877202 0.023731939950623164 0.0
0.25321385774009963 0.027868455352872537 0.0
0.32799970833443337 0.014625968127958956 0.0
0.1134621046291317 0.015527047566004575 0.0
0.15665420728376137 0.020431991916807703 0.0
0.11758525585667011 0.011474375765934809 1.0
0.6167224062894608 0.014480761283806988 1.0
0.5808666174543614 0.03813078857950627 0.0
0.595415737709876 0.03738418493213021 0.0
0.5660764526292983 0.036171823491735526 0.0
0.6450391606953738 0.012952230330261282 0.0
0.4013325185887598 0.02929149030488147 1.0
0.014575271534777634 0.01736979694671447 1.0
0.11585291360275946 0.012016652191823624 1.0
0.5671159546378512 0.03421313203058101 0.0
0.1464843505096798 0.03627646510463894 0.0
0.6127809841356566 0.015874359173586625 0.0
0.18856353129352857 0.03288280737744623 0.0
0.47542194802587656 0.03862020409249294 0.0
0.3697218578019346 0.030955720300635058 0.0
0.07161242017204295 0.012959566438066967 1.0
0.5140964152601836 0.028763769711888758 0.0
0.5705824907900752 0.013203047845054786 0.0
0.27662117140529496 0.017937346560272995 0.0
0.635044918065077 0.022868615148645546 0.0
0.010893098742788387 0.03920874769484132 0.0
0.6726685819878261 0.02153686290902812 0.0
0.5543727826550352 0.036387410234555016 0.0
0.02782717054070162 0.03707890434352008 1.0
0.4135821263058614 0.029318237204346804 0.0
0.6776550583142155 0.034903595913393926 0.0
0.3483718323088749 0.03514936382060362 0.0
0.5350534772162124 0.017887640426190822 0.0
0.511027878017799 0.03744290454769676 0.0
0.48970590542993403 0.017390396198444017 1.0
0.2819919342005198 0.03176163530070149 0.0
0.2795849664174634 0.031842269006966774 1.0
0.18973624545256818 0.02728960740131079 1.0
0.6359075975688315 0.01693227270659059 0.0
0.6746161486455974 0.027067429780393563 0.0
0.48535656150135553 0.014499076285282051 0.0
0.4694222073700239 0.022707536606979637 0.0
0.22957050987212402 0.026771962830895953 0.0
0.631636313512192 0.024338264226645083 0.0
0.5510028437230664 0.021631329904619988 0.0
0.2644614480772737 0.012041906357139597 1.0
0.4443835297283457 0.0248782876782133 0.0
0.0565845688856602 0.017893073341969275 0.0
0.16376021263476326 0.023861147758778126 1.0
0.36980811342408026 0.031224912985265075 0.0
0.016390856947803612 0.032267026823825415 0.0
0.3025762984641101 0.01021653664692022 0.0
0.19640973127193187 0.028970374709376696 0.0
0.35880881178221974 0.02229729814116122 0.0
0.12244945283527152 0.027398583351452274 0.0
0.3025327180902999 0.018454165550593114 0.0
0.5298231435208806 0.01567407313995811 0.0
0.5259686019897452 0.02340684475110884 0.0
0.5197996487829374 0.022616694921665015 0.0
0.5694122562499458 0.02439970871328338 0.0
0.29171660365101815 0.03442829816042412 0.0
0.26228970467902424 0.01683449982779716 1.0
0.43041886059347617 0.01652587196018616 0.0
0.6143489442946573 0.010241665616919226 0.0
0.632405195676574 0.038596025415385024 0.0
0.016498939826170712 0.023151959413876825 0.0
0.34690894019153906 0.011668422862108258 1.0
0.08287006105041476 0.033116763892944594 0.0
0.12868591028008186 0.019240741158892967 0.0
0.2667593143825488 0.0392381432047822 0.0
0.08127507725409476 0.022351187323157443 1.0
0.6048604204450475 0.017852426322254797 0.0
0.5260919636550812 0.013390311246376936 1.0
0.025731151796493497 0.035935536060044286 0.0
0.6641447820881689 0.03977253053473973 0.0
0.2942649751337275 0.025305994205303762 0.0
0.4962354779163562 0.03212035264404116 0.0
0.17007848007448517 0.03740487233393693 1.0
0.017948432526278858 0.031177684365292398 1.0
0.497907601636294 0.029689729484544 0.0
0.3648097919670022 0.030548002729099244 0.0
0.504039967091383 0.017054974666024576 0.0
0.6221234866517192 0.03272342517512528 0.0
0.6697893981951957 0.03929393129748794 0.0
0.3787619036803632 0.03403103828828928 0.0
0.4100768754170028 0.024043172131223818 0.0
0.4044360545888704 0.01118428153377628 0.0
0.632272554032488 0.01622242467490635 0.0
0.07798820968065201 0.014585564239042503 1.0
0.2462066405468722 0.02464954443507522 0.0
0.4705601398085128 0.03416577442626231 0.0
0.6388004800087448 0.03540231294208973 0.0
0.05857549050404373 0.02551397381209728 1.0
0.3844226931008247 0.021125312071767367 0.0
0.19978305093494106 0.03459475298079275 1.0
0.637162124633178 0.037859976251291685 0.0
0.14425032246021263 0.020278513450571602 1.0
0.45266409093272786 0.023809685428538258 0.0
0.4766309038161221 0.03754101371701428 0.0
0.4458171137382593 0.010086303631553304 1.0
0.5030550833322057 0.015373085209823636 0.0
0.6453013727378637 0.013757110060027103 0.0
0.588163138980256 0.010422903605350807 0.0
0.40825714759014087 0.03507064558651746 0.0
0.2225476131577193 0.034304826015880426 0.0
0.5656295245180527 0.01206635359396444 0.0
0.5599866769707916 0.03267634481877166 0.0
0.2287878999043816 0.018427903247821145 0.0
0.5200466174148282 0.03474608802766463 0.0
0.26923300030569336 0.03910382977698776 0.0
0.22369430844709853 0.015188596020534231 0.0
0.06827895956516733 0.0338861298151024 0.0
0.006455538831246855 0.012214836261602231 1.0
0.1979976865864263 0.031114656292684624 1.0
0.4284895618039775 0.028848945577972258 0.0
0.20711855746487617 0.028215882025422297 0.0
0.3119712284839047 0.018473804214019434 0.0
0.1745948074695121 0.021939754177457416 0.0
0.6213509994978825 0.02573053289030192 0.0
0.08861258031428268 0.012655770537674482 0.0
0.007119973483936437 0.03747865622821216 1.0
0.6963294273149517 0.03520237823222743 0.0
0.5461216410543431 0.015561536536504647 0.0
0.5189599323138314 0.023813116136890206 0.0
0.4198788832318121 0.015189835674282443 1.0
0.37251175872543607 0.03844308967516144 1.0
0.3043376185036934 0.014959773632623742 0.0
0.1793929458033509 0.026398339671941985 0.0
0.6256057597679077 0.037617569008361065 0.0
0.4264556398058095 0.019114872963005573 0.0
0.16118001912016605 0.01821984234076939 0.0
0.24421896361897422 0.03010415502786987 0.0
0.4807899557989473 0.023392074346653437 0.0
0.31502243830703563 0.018714013927422564 0.0
0.2107034257084014 0.020683194797390423 0.0
0.09284785683473645 0.02178455851079816 1.0
0.6019324694487977 0.01704432760890697 0.0
0.2640873348383035 0.03677806358192258 0.0
0.03238981646711207 0.026633070943974237 1.0
0.00600866531581874 0.025815725802384507 0.0
0.5706119299249595 0.026482884537999993 0.0
0.6456033709309403 0.01408108458053064 0.0
0.3562286503001743 0.03650472899951396 0.0
0.6490618233573592 0.038603550580497296 0.0
0.4415781422805799 0.013252893610277695 0.0
0.5149168552587902 0.03770578211377552 0.0
0.015402157634638125 0.030003389268415146 0.0
0.1630314492689573 0.016078952756051205 0.0
0.3636342986859107 0.03993403108917533 0.0
0.3547748517725982 0.016816885442628944 0.0
0.5859186576613119 0.03915739024323409 0.0
0.4816678905681247 0.03394451018432187 0.0
0.3436648944355947 0.03117988305074701 1.0
0.3922624199554756 0.03999025075208993 0.0
0.359734201852654 0.03344322264951436 0.0
0.5583021438250269 0.019258908962749833 0.0
0.5660960104990065 0.029476589132122616 0.0
0.17224194900940198 0.023572994742574682 1.0
0.5142595449819377 0.0104727116435091 0.0
0.4139648311649414 0.035161798888709836 0.0
0.4244784866888839 0.022678698782686454 0.0
0.4141341064338324 0.015760232662718456 0.0
0.11978306800245128 0.031529160955712385 0.0
0.601153027708556 0.0324756430000608 0.0
0.6556179537194375 0.03631681511211615 0.0
0.619800778594398 0.017871913931944667 0.0
0.1869616077570274 0.02663791372820504 0.0
0.2849852219387365 0.03866119042901503 0.0
0.3339477247441852 0.01441132775931942 0.0
0.6841570555936647 0.037412753034940224 0.0
0.6261921047681327 0.015400243038957696 0.0
0.5424781751113156 0.020546647313141788 0.0
0.3131655057117727 0.03215722460831876 1.0
0.4750216583771673 0.021431455964682895 1.0
0.016512342612701448 0.03696587031451557 1.0
0.2032653166692184 0.02820499066592718 0.0
0.4216071730260202 0.016948336158578683 0.0
0.5711234244690853 0.028762125611072036 0.0
0.11405470760860381 0.39281441083173246 0.0
0.3767529060499275 0.9261260955918922 0.0
0.051799355733238045 0.4449040373476043 0.0
0.2717114904944675 0.41519512003305414 0.0
0.37219426105686854 0.7571935143988231 0.0
0.1125243300720777 0.42771654441886314 0.0
0.3206323756956087 0.7030158071323315 0.0
0.28171500680815875 0.1671144708876995 0.0
0.15667788005259103 0.6089162339297389 0.0
0.05973049703467645 0.23030629304369124 0.0
0.3331568017718341 0.8827987101622258 0.0
0.2795894159620725 0.4492115276004894 0.0
0.07552640634933457 0.9892301656278899 0.0
0.0360746443905096 0.45156623855894723 0.0
0.34523040314006226 0.29103590508064553 0.0
0.1425175219967227 0.13492912387117362 0.0
0.14952451992755839 0.3556356630966316 0.0
0.13121827269058514 0.3811182900500027 0.0
0.3595043762345277 0.8004382866883081 0.0
0.09885432186516292 0.45120169907569135 0.0
0.047313727116134484 0.10465385274475353 1.0
0.12015062349467262 0.8674182058438175 0.0
0.01320572760230365 0.11680984656994842 0.0
0.18379964838128687 0.17695456043312527 0.0
0.2609883590153161 0.396867393267704 0.0
0.37103468448804106 0.745972590815722 0.0
0.061161619262634304 0.6774177614352747 0.0
0.10757282132887203 0.0578461489943334 0.0
0.12220444453715888 0.15048207700632799 0.0
0.11750493618645051 0.717869375028565 0.0
0.015162572361763705 0.28284560631870215 0.0
0.059386385257367454 0.8103197494668115 0.0
0.2824468415669399 0.8202766383159147 0.0
0.0776896584806476 0.9210209523191203 0.0
0.0570088612978167 0.6915928374425031 0.0
0.343697695427542 0.9191287366167824 0.0
0.3009067659583112 0.25906096291731595 0.0
0.2610789170844118 0.5836564993966543 0.0
0.14340393085891057 0.5596186542157665 0.0
0.29332724694118917 0.10708979093919192 0.0
0.11371133357338498 0.852731094999481 0.0
0.05282403754631093 0.041602047020430855 0.0
0.3374277128737581 0.18122083653850504 0.0
0.10789008616814605 0.5525467345742443 0.0
0.24962617828752662 0.23371452617302416 0.0
0.247483118571375 0.3585574313845847 0.0
0.048672717948960956 0.11650646013007161 0.0
0.33665646417041106 0.8913098484969669 0.0
0.08941041393200581 0.3939735117661332 0.0
0.2520926987841614 0.8469066684154176 0.0
0.2686281187045947 0.36607229000843533 0.0
0.08641612397317697 0.4698481113602242 0.0
0.032951141270402266 0.7406984912549291 0.0
0.15605614011473565 0.2220475025857271 0.0
0.07049765404205194 0.5418227731296006 0.0
0.30972293954611096 0.2843873323861657 0.0
0.3364966275277144 0.35201039136455153 0.0
0.17001766535506194 0.8026920539453322 0.0
0.07708504655480088 0.5816976465258322 0.0
0.3729007254180955 0.36249944436410253 0.0
0.10263460933666796 0.8355825234016901 0.0
0.32781428122225187 0.9210623564104212 0.0
0.2100693433161784 0.4084806942835006 0.0
0.22729049273627586 0.6999083434568503 0.0
0.3930337771913993 0.04533025573047211 0.0
0.026008114190107755 0.9038341435870556 0.0
0.059854468381036294 0.586203544894741 0.0
0.027728713704670362 0.05093004987447845 1.0
0.31665569268022026 0.27808256675513715 0.0
0.3669738042875495 0.6410625892405936 0.0
0.3394234360563978 0.3847653292254123 0.0
0.11317436866641241 0.9537847611783039 1.0
0.09816745083509527 0.060615799492873296 0.0
0.2370975077881568 0.7669398172427964 0.0
0.1251621752518795 0.5731057797958112 0.0
0.22985467642524873 0.28824888638873325 0.0
0.23526108564465323 0.5130031732634452 0.0
0.2447695431914782 0.7119807152370915 0.0
0.38435834285372006 0.34913603233671076 0.0
0.03504591966694202 0.8855008006962756 0.0
0.12238285806881141 0.8128871450901245 0.0
0.18248289245403346 0.07137517330000785 0.0
0.016466001686325216 0.8105263004766632 0.0
0.31760161990480895 0.15511926191089537 0.0
0.17468453155029767 0.3745984967677753 0.0
0.3954823753011311 0.6891682685364299 0.0
0.341487518752111 0.5909410342806987 0.0
0.08892511067555176 0.5544850225320305 0.0
0.32559966467757767 0.44238663670222284 0.0
0.2454616963191727 0.575948796973102 0.0
0.3569741442788486 0.7065987917318632 0.0
0.319977530321055 0.4268754992728889 0.0
0.19332361872736784 0.9175828929257303 0.0
0.37061340767984485 0.19349912416971327 0.0
0.35557315431553027 0.3299631219289977 0.0
3.695728980224189e-05 0.36210105443813234 0.0
0.23972191841146023 0.8454175123542963 0.0
0.2101844528056928 0.059861807073205514 0.0
0.3367647232001692 0.5766450908802301 0.0
0.02183036417716293 0.15634990285387113 0.0
0.23600271592371477 0.3159786983628532 0.0
0.03395798193931991 0.05271589116249988 1.0
0.3750630296386631 0.5750129449687396 0.0
0.36869823426541354 0.5053418634258354 0.0
0.13825276311511794 0.11636123656375465 0.0
0.03403829655221369 0.5167792410472484 0.0
0.279893039311905 0.8262864015315262 0.0
0.04747607558209666 0.12608369903662817 0.0
0.004727581194661079 0.9096594071473341 0.0
0.32354833963179264 0.8159823698656877 0.0
0.13082920105552867 0.07462476115783033 0.0
0.2911130916826639 0.7527905380499461 0.0
0.3589936775776975 0.07330709303035814 0.0
0.16214480809124618 0.5654159529964958 0.0
0.3023938099630061 0.6345497184911842 0.0
0.26923859175941267 0.39057090479008305 0.0
0.031315432612764926 0.8688471587037091 0.0
0.3827073693519571 0.10514077033789229 0.0
0.1927498035673799 0.3740652479452545 0.0
0.02621352963051273 0.6669805686945436 0.0
0.16661238175087895 0.1365874589957288 0.0
0.3541097703402005 0.5564327042394116 0.0
0.2874333742802333 0.5005955849911281 0.0
0.17091504236947447 0.15890464162042617 0.0
0.06063030437850183 0.13995210269453298 0.0
0.12011279775742767 0.7592567486201994 0.0
0.043276408707000336 0.22345393746167705 0.0
0.31657880412872547 0.6822988539396772 0.0
0.19946971032962835 0.45192295124545295 0.0
0.04059915103977683 0.36849777548366974 0.0
0.1387964304990222 0.9740911605500993 1.0
0.1711140880354386 0.10617351177538104 0.0
0.03855347751415033 0.9222402577443083 0.0
0.26669427675821766 0.9527403508072204 0.0
0.10020456978399007 0.2079390499712895 0.0
0.38582751192957204 0.0676899759622412 0.0
0.37783980774428183 0.12605965305927927 0.0
0.2348442500425127 0.6874467181911319 0.0
0.3894359952387652 0.5849516926901894 0.0
0.16141044349775827 0.9904712051150646 1.0
0.24446994469154254 0.9722418642148045 1.0
0.31718002247671945 0.7501663661290404 0.0
0.39107316516116936 0.5796894328345703 0.0
0.006337384773893274 0.49791461214151245 0.0
0.17229098135895274 0.5782241642274508 0.0
0.34730291853886264 0.5149435999507764 0.0
0.22651684029771074 0.5050169793576369 0.0
0.26583887190539696 0.04872457023653728 0.0
0.35323565342953667 0.8569718664076217 0.0
0.108873636417386 0.8779140474383123 0.0
0.13873964678485354 0.5470305534827758 0.0
0.013492892285336342 0.7591790018652017 0.0
0.27370530309975616 0.7082558756288989 0.0
0.3376510074751421 0.5712967189924375 0.0
0.2691655331641128 0.9696268096058476 1.0
0.22162216117640288 0.6089633980044717 0.0
0.14839257047561155 0.9825116670554966 0.0
0.2996641185800822 0.5387548811630685 0.0
0.01750127272003419 0.7793414709139435 0.0
0.3959859740356741 0.48251668170721734 0.0
0.029750997591194973 0.8874541785418899 0.0
0.07219506848699302 0.6249770865917852 0.0
0.35915178861388913 0.7575244055289759 0.0
0.09238614967598276 0.21216930810687956 0.0
0.14315487955333808 0.9251600456770956 0.0
0.08064770060026141 0.2716532674313535 0.0
0.3721295751246142 0.7902084439995835 0.0
0.06014747893242909 0.943532463403916 1.0
0.37159066097495597 0.2784825205883134 0.0
0.33537098863752485 0.5810206825100696 0.0
0.12716899958594352 0.9887677792017873 0.0
0.35939757601155004 0.9558598082710994 0.0
0.05882743890259668 0.2525899218484892 0.0
0.32604620682035984 0.17416179579529842 0.0
0.3077820753260737 0.9182581829721121 0.0
0.3962957026481764 0.9455625144471389 0.0
0.06846742132496461 0.5808532398928806 0.0
0.24108776784463093 0.47440191846983526 0.0
0.3144798324855633 0.987480467753242 0.0
0.37481258959622293 0.3097529846167466 0.0
0.16593551382396132 0.1790981665322424 0.0
0.2628469855874042 0.4392301667961957 0.0
0.07165169884389999 0.63303544688514 0.0
0.03851098517533487 0.8211584623809031 0.0
0.06972748248897981 0.4511356593739004 0.0
0.09486844313837062 0.9335332872225238 0.0
0.13147002742304512 0.6563817275402336 0.0
0.12212156390830291 0.48389726849329123 0.0
0.12980052751821564 0.7357859782669626 0.0
0.33331463368464026 0.25956429397642955 0.0
0.019659525472237458 0.33486025643803025 0.0
0.25346669885405326 0.5515277434526341 0.0
0.18415116893923028 0.2508696082313478 0.0
0.01021311063408401 0.6361595240788868 0.0
0.03504478355727736 0.29152973765324824 0.0
0.31228251608565044 0.7987418010317764 0.0
0.3009201282240857 0.09966571208532422 0.0
0.22028434625553583 0.9370398148554512 0.0
0.07813487841942593 0.7837549201953226 0.0
0.2233587052797664 0.22331361902016533 0.0
0.2977513211863598 0.09372414557273685 0.0
0.3766533149862202 0.08369020137378752 0.0
0.34392935051004775 0.06742907523761818 0.0
0.06323695900794823 0.09151861644897462 0.0
0.2923930700803288 0.0770404029870949 0.0
0.3362199105172306 0.07681732625243755 0.0
0.2886034945888641 0.05780545873157667 1.0
0.2144376953972914 0.07761926364202981 0.0
0.21690553011108496 0.08215474917437843 0.0
0.03143039631938422 0.07161099894305421 0.0
0.17976364559564742 0.09406066874769976 0.0
0.1304266165592932 0.0952879945136262 0.0
0.104387367314862 0.05484087652103468 0.0
0.04766103825727495 0.07616551766791357 0.0
0.036148644696633085 0.0800566906149503 0.0
0.062154823306972945 0.08855493923024986 0.0
0.18009460541867256 0.06930016533238893 0.0
0.16431847515405168 0.05237032206359386 0.0
0.31388217913432326 0.0629600441919092 0.0
0.16513196380093828 0.08785365194500386 0.0
0.18654563102455093 0.056174193899578104 0.0
0.1817039170456671 0.09771528719512547 0.0
0.036689855611289214 0.08990690801359963 0.0
0.17024004649031976 0.09231858454295286 0.0
0.08820294024449105 0.05556257131378164 0.0
0.09051487378861962 0.08128419616597761 0.0
0.08572845216414367 0.062264107131397815 0.0
0.14725973016407787 0.09817063004749 0.0
0.114621279011814 0.06504528880779044 0.0
0.11443492077183601 0.04691752722802207 0.0
0.37768962050597066 0.07168860200336305 0.0
0.15772979189783054 0.046801417057223495 1.0
0.3912191059068262 0.04592179075440175 0.0
0.012142205461573496 0.08631398319289375 0.0
0.09394383309639337 0.08896950400532 0.0
0.22175358359592948 0.06511670054246976 0.0
0.2709425989011976 0.052511144744264854 0.0
0.26832667923663217 0.0673322842725839 0.0
0.3030908229369749 0.08604410672443125 0.0
0.10081784723899952 0.06537340493348896 0.0
0.359581082469159 0.05340221245604417 0.0
0.02188370878208623 0.06550358788602112 0.0
0.2834325530590813 0.049280154484137056 0.0
0.20594596253797154 0.04499453097702658 0.0
0.35123244971928047 0.04934429836762158 0.0
0.1568583729028011 0.05733864752821599 0.0
0.27397831978361803 0.08242619300290949 0.0
0.3808924121680917 0.07478089087431083 0.0
0.12378727578728416 0.09257334160271749 0.0
0.06879762950848223 0.04426683289651931 1.0
0.11396864094691042 0.04050746218339664 1.0
0.0030114861942766246 0.056672580318102926 1.0
0.23545560503887042 0.09974314916810659 0.0
0.23074437133385928 0.05438250171618376 0.0
0.31147463313407214 0.05845329353860452 0.0
0.050054154836205234 0.06373826709247213 1.0
0.013654294925444298 0.08698652686353077 0.0
0.19274127603888624 0.08027192123136377 0.0
0.32830052376323476 0.06201465363108509 0.0
0.06520204005995342 0.09630110104066344 0.0
0.20810254140564924 0.04902294582399985 0.0
0.2567203001100654 0.07468245893884677 0.0
0.28380886035239955 0.05087995812027294 0.0
0.2086271844031245 0.08056047057103972 0.0
0.17524389211272462 0.08107892888784453 0.0
0.3489381709354845 0.054532361664778546 1.0
0.055629334233016796 0.074253966881215 0.0
0.06941456090579332 0.052556543992138736 0.0
0.11094370013667998 0.04706751274292 0.0
0.04545264465727605 0.09286979684303681 0.0
0.18413274989982695 0.09521613049427789 0.0
0.3017130969568747 0.047262728588030656 0.0
0.19562233478780283 0.07123884206682884 0.0
0.3433563847943463 0.08154804996080367 0.0
0.3973620263108681 0.0674067411074258 0.0
0.15402545938861814 0.045947641937269294 1.0
0.13692864915270256 0.0907669590115467 0.0
0.09664210383713483 0.09485231769072655 0.0
0.3281352401626676 0.08299607720455698 0.0
0.030567913208446654 0.0629557755970951 0.0
0.15617210392938366 0.08732525784074796 0.0
0.027088280699107382 0.06796678851873494 0.0
0.2747368980964562 0.0700586967072102 0.0
0.36575021329415436 0.06548744255886083 0.0
0.10427777867433692 0.05629035019926418 0.0
0.24924902972122084 0.06261696732077619 0.0
0.14268323877518255 0.05230585128600893 0.0
0.18163844927957357 0.06867901487479491 0.0
0.09258252585243475 0.07291003976987033 0.0
0.16801947142863952 0.05442634051359463 1.0
0.03336922526009003 0.09279312469858862 0.0
0.08615890356382919 0.042383555642814 0.0
0.27899838662752663 0.08963153686933184 0.0
0.037918644282708636 0.07224227223177754 1.0
0.3979930526467809 0.061368038485826136 0.0
0.01905711675814272 0.09964618165899934 0.0
0.09353672980337384 0.08678219951656337 1.0
0.27728693547746414 0.08118894346371555 0.0
0.17139385398380527 0.08243970193843453 0.0
0.1319912266006662 0.09831155721631461 0.0
0.36006979630559577 0.09767737466295386 0.0
0.10051065787258451 0.05450276894879998 0.0
0.359533556211635 0.09780934385151568 0.0
0.36420905898613987 0.07106708255332854 0.0
0.3212404312226332 0.0991040420833939 0.0
0.08730476762283335 0.055939144956855806 0.0
0.14069573832517412 0.0733124221095602 0.0
0.10896097488304789 0.09590081965138379 0.0
0.3844336218892935 0.09443687433984324 0.0
0.018071730574123545 0.08214216572161508 1.0
0.2548600734848596 0.048372663939157304 0.0
0.3708992061612409 0.09892995779420782 0.0
0.24830504315983978 0.08771036672470352 0.0
0.09605608140945217 0.04397113055641703 1.0
0.0015032224142428774 0.09876100094260913 1.0
0.31599451877801404 0.06072204648441969 0.0
0.016612166691704112 0.08222547848996453 1.0
0.3112137911756145 0.04583545248559726 0.0
0.3908297642042003 0.0955697640305792 0.0
0.3239196634751806 0.04021587749360288 0.0
0.19001229278186413 0.047653778230032424 0.0
0.26907609863839477 0.09127368143347273 1.0
0.23567178676489278 0.054604062338235886 0.0
0.3698154698693416 0.05145549732966365 0.0
0.3406950017968432 0.07243428009550122 0.0
0.01660923563193988 0.07733715381336924 0.0
0.15453123239782013 0.053267003419001195 0.0
0.19507907846678207 0.07784123561036041 0.0
0.19788339262197013 0.04913393038070528 0.0
0.03454908396325962 0.06633036632905372 0.0
0.3900490514447124 0.04503352676084907 1.0
0.23668231595142988 0.07412341929477993 0.0
0.09701009797199137 0.09537743641798054 0.0
0.05897265811891131 0.09537191526307959 0.0
0.2279606419084556 0.043582907464718545 0.0
0.016984379694913974 0.07325865883418693 0.0
0.36741108444033266 0.07233304790956617 0.0
0.33490242899469963 0.08173262638611133 0.0
0.15490228262121977 0.07254395961711856 0.0
0.28829990834191066 0.0744442099838619 0.0
0.390389103794449 0.04028132252682738 0.0
0.29554601546481774 0.07280599853857092 0.0
0.2884849344446047 0.048220834840483576 0.0
0.15666347719505547 0.07596222918840445 0.0
0.09917301493945119 0.07044811850697238 0.0
0.03016265483752392 0.057822850403418787 1.0
0.022782074623574025 0.08283448965355023 0.0
0.06382938269831033 0.07646455387334346 0.0
0.24154892873918193 0.06317051154413875 0.0
0.28987387791748515 0.06590772581166911 0.0
0.298535176605695 0.0466230843100166 0.0
0.2965533167010254 0.08663325131830817 0.0
0.39197609057609567 0.06528117440685005 0.0
0.3695269027642202 0.08478266768514028 0.0
0.22077269781680872 0.07415974921094268 0.0
0.17724129840981617 0.04352937869956444 0.0
0.16800275261891465 0.04082029057555157 1.0
0.2811159551566622 0.04273465628558583 0.0
0.3139179053822232 0.04347160523675164 0.0
0.10425197536986146 0.06144750514433695 0.0
0.09270767393490686 0.04887858113766922 0.0
0.14982999286600873 0.06126666130940833 0.0
0.05714217143021622 0.0478162056820883 1.0
0.10668248901860902 0.06579191953821444 0.0
0.35548953748395756 0.08153435504936295 0.0
0.3948930034857846 0.05786508224770873 0.0
0.009642603841054509 0.04636792043008791 1.0
0.019839905799406976 0.09205801416805662 1.0
0.27646106185662345 0.0437893286742221 0.0
0.3944012092824641 0.09000668362945007 0.0
0.32292380372009094 0.045977233721267 0.0
0.25645466767303216 0.06172402700175049 1.0
0.13841281768572866 0.06981728115581584 0.0
0.12004896516739376 0.06472123825193934 0.0
0.3582702836634776 0.05326105010850518 0.0
0.16384469948630423 0.08403675462288857 0.0
0.15503408417720008 0.06785583885708457 0.0
0.35710941586226674 0.06467299527725488 0.0
0.08264443574835564 0.06193720724250853 1.0
0.14077499939543472 0.08858477728605026 0.0
0.20750127736229904 0.0878599416308486 0.0
0.06720320881161053 0.052151284958737 0.0
0.287266595883975 0.051179264540283875 0.0
0.3860251705376152 0.09209708847797288 0.0
0.1552917110653166 0.06245267401258478 0.0
0.16353446163191276 0.05843282872756172 0.0
0.17128529407302512 0.05685331843250495 1.0
0.09900979226782121 0.0758535966655477 0.0
0.04386474480483344 0.07517424486892843 1.0
0.11125723077005366 0.08293192788555721 0.0
0.3318446712318972 0.09967076116472375 0.0
0.08484756178297666 0.04277106432840881 0.0
0.23710675266751188 0.09792064371542315 0.0
0.032010759386276046 0.08447848965642574 0.0
0.1465614280976911 0.04750385525769207 0.0
0.0041687749851545336 0.07673267645481009 0.0
0.3972507077996686 0.04044342171665516 0.0
0.2032604991639585 0.06680920062500997 0.0
0.2609388089160355 0.07529069358930053 0.0
0.2632788740072679 0.08348758311424641 0.0
